,l,b,T_0,T_1
0,160.0,-70.0,88.26741184042692,101.01807717672062
1,165.84760880032619,-70.0,89.21047837483292,117.87183235255628
2,171.69521760065237,-70.0,73.51911968942693,118.67294701965346
3,177.54282640097856,-70.0,82.42970027625938,129.75753148710072
4,183.39043520130474,-70.0,78.10551933631095,329.5101925484341
5,189.23804400163093,-70.0,89.61881322746405,119.38448348451084
6,195.0856528019571,-70.0,82.68444217462226,100.62389027085635
7,200.9332616022833,-70.0,83.5457813880758,100.38707144811661
8,206.78087040260948,-70.0,78.48234450686215,100.42933166190892
9,212.62847920293567,-70.0,83.57840049436552,103.22193263521251
10,218.47608800326185,-70.0,75.91516114343233,108.42963782321488
11,160.0,-68.0,100.01321646298578,86.58125685375768
12,165.33893432510803,-68.0,74.59551300662622,108.3786674458853
13,170.67786865021606,-68.0,90.25505582441423,85.69983093485428
14,176.01680297532408,-68.0,76.21991541123015,122.43314630359333
15,181.3557373004321,-68.0,86.29510992395194,98.02458882999241
16,186.69467162554014,-68.0,85.54094278131058,246.81021300574457
17,192.03360595064817,-68.0,96.9305543022212,103.54924969271832
18,197.3725402757562,-68.0,89.49693611094597,81.3336548860126
19,202.71147460086422,-68.0,92.08763151230278,89.80913726212827
20,208.05040892597225,-68.0,83.65150024146374,86.16118015348991
21,213.38934325108028,-68.0,87.21261180906924,84.8509362184156
22,218.7282775761883,-68.0,76.31570421366567,124.04799950739107
23,160.0,-66.0,74.65771054366428,85.70758919428226
24,164.91718667114847,-66.0,75.11980930084388,97.7151958698978
25,169.83437334229694,-66.0,95.56062439470736,91.11039553249668
26,174.7515600134454,-66.0,82.00531257955802,116.55405778506378
27,179.66874668459388,-66.0,82.31109415705981,95.3712364054856
28,184.58593335574236,-66.0,85.22562090003984,137.59416024021027
29,189.50312002689083,-66.0,83.47102448907384,86.83983239340711
30,194.4203066980393,-66.0,93.16597398273379,102.59738973825205
31,199.33749336918777,-66.0,91.30911306041247,255.92507092515518
32,204.25468004033624,-66.0,88.80591095116924,96.06334722272248
33,209.1718667114847,-66.0,86.62934531414984,105.10214446217486
34,214.08905338263318,-66.0,85.50863023075735,90.05997533285534
35,219.00624005378165,-66.0,80.95354614061122,103.99816109288662
36,160.0,-64.0,77.26672037636234,116.84659185420372
37,164.56234406540972,-64.0,99.13595375953523,89.51540285081461
38,169.12468813081944,-64.0,77.60466658433046,101.23022254980651
39,173.68703219622915,-64.0,106.49556611268986,87.67290893087511
40,178.24937626163887,-64.0,88.09946132219011,96.35766335720967
41,182.8117203270486,-64.0,88.49862134443472,89.01483096929451
42,187.3740643924583,-64.0,82.92733497603223,118.1398818075753
43,191.93640845786803,-64.0,90.08401019800047,91.1935152646297
44,196.49875252327774,-64.0,87.78335575545722,121.67890187646577
45,201.06109658868746,-64.0,91.84929531772138,89.91149410944735
46,205.62344065409718,-64.0,84.37839311120717,99.45274986476636
47,210.1857847195069,-64.0,90.1789286616104,96.75205921613093
48,214.74812878491662,-64.0,84.47157435908261,115.96199321271439
49,219.31047285032633,-64.0,83.16977503369884,91.40856534926291
50,160.0,-62.0,73.54188838454948,371.49887309666815
51,164.26010893637903,-62.0,84.1184100282907,367.45457113352006
52,168.52021787275805,-62.0,78.96698460794954,109.80570963089696
53,172.78032680913708,-62.0,93.83174528492626,141.03835958593442
54,177.0404357455161,-62.0,89.594364849935,152.5129361626681
55,181.30054468189513,-62.0,87.62400457727199,97.27049671759147
56,185.56065361827416,-62.0,82.75463399037267,117.74925733710865
57,189.8207625546532,-62.0,81.93326472558516,121.83574655976969
58,194.0808714910322,-62.0,81.47573955724715,140.48780599345184
59,198.34098042741124,-62.0,84.29420231917933,120.50920593531265
60,202.60108936379027,-62.0,80.29705887735122,120.72277352898436
61,206.8611983001693,-62.0,83.85263734882025,97.02604269343442
62,211.12130723654832,-62.0,81.77453165318676,114.3336984462137
63,215.38141617292735,-62.0,81.64587167296398,86.95325750069622
64,219.64152510930637,-62.0,81.80611090116656,373.26394648758026
65,160.0,-60.0,91.55544413051098,222.4518700638896
66,164.0,-60.0,68.10497688687423,228.6640896711449
67,168.0,-60.0,87.25149787721926,145.297108323761
68,172.0,-60.0,86.63110942424169,94.45311838320464
69,176.0,-60.0,85.5233162527496,138.37562611237087
70,180.0,-60.0,90.63537961946491,168.71485216199238
71,184.0,-60.0,120.96736308195412,110.14334791833329
72,188.0,-60.0,80.36791014444754,141.87088027662526
73,192.0,-60.0,86.89368106717188,112.62112405108195
74,196.0,-60.0,87.0037123601889,152.38025125403726
75,200.0,-60.0,90.61097834688547,112.220650357321
76,204.0,-60.0,88.2933098366025,131.5965523857144
77,208.0,-60.0,85.68215249385003,97.6910108353
78,212.0,-60.0,80.82764491297448,148.1839012654096
79,216.0,-60.0,81.32894503072436,155.30221264320926
80,220.0,-60.0,77.81652975907573,498.7759882160741
81,160.0,-58.0,96.36301382895243,442.42671353719174
82,163.7741598295997,-58.0,77.96865758450377,568.6499264505567
83,167.54831965919942,-58.0,89.80694395933679,980.1091293717816
84,171.32247948879913,-58.0,87.40062620439298,144.28141725855198
85,175.09663931839884,-58.0,89.48649224247865,156.03724585723353
86,178.87079914799855,-58.0,90.7891914350634,405.3541717319558
87,182.64495897759826,-58.0,99.6409417046089,585.2707507617541
88,186.41911880719798,-58.0,82.38201941897569,117.57567181202882
89,190.1932786367977,-58.0,93.82337171208883,84.80977155175822
90,193.9674384663974,-58.0,88.67904023434102,139.08262077904794
91,197.7415982959971,-58.0,91.82811511278439,86.97904141609826
92,201.51575812559682,-58.0,89.10807493584792,151.78562744083877
93,205.28991795519653,-58.0,87.10558170375782,88.49801256377009
94,209.06407778479624,-58.0,83.38859028425637,128.32765329630422
95,212.83823761439595,-58.0,81.53067063920903,87.72529043230122
96,216.61239744399566,-58.0,76.58489720159017,497.76816263525757
97,160.0,-56.0,90.69468789886307,159.21069535563663
98,163.5765832999428,-56.0,86.33026724775183,694.7721253459176
99,167.1531665998856,-56.0,84.25595934184685,91.04474838368287
100,170.7297498998284,-56.0,74.9207649567984,280.20755639664833
101,174.3063331997712,-56.0,85.14201901523654,87.72186003998831
102,177.88291649971399,-56.0,93.74997514210818,258.09420776005607
103,181.45949979965678,-56.0,87.63678242812398,91.65312842211301
104,185.03608309959958,-56.0,85.63478428375035,99.96430171210824
105,188.61266639954238,-56.0,102.4985157656784,89.49634378804546
106,192.18924969948517,-56.0,99.39076722735695,139.30791187524164
107,195.76583299942797,-56.0,94.6301953476023,92.98321255628878
108,199.34241629937077,-56.0,88.18548873833566,147.44300608949663
109,202.91899959931357,-56.0,92.58452912450343,89.86916372577241
110,206.49558289925636,-56.0,83.6298795519615,129.3231132217943
111,210.07216619919916,-56.0,84.72473369267891,87.7947886742133
112,213.64874949914196,-56.0,78.7741590506046,232.6830962058687
113,217.22533279908475,-56.0,76.9107420795666,87.65150712695385
114,160.0,-54.0,96.66123730903038,480.11932734058195
115,163.40260323340817,-54.0,103.15561462596315,135.4881421882278
116,166.80520646681634,-54.0,83.31467337229336,581.4109845961242
117,170.20780970022452,-54.0,83.47252854035588,89.41265661946886
118,173.6104129336327,-54.0,82.70258598710191,506.5033255250363
119,177.01301616704086,-54.0,89.32923198783027,88.1754300340234
120,180.41561940044903,-54.0,93.82608370973111,339.2632032191242
121,183.8182226338572,-54.0,99.70433041465154,88.44765546268667
122,187.22082586726538,-54.0,103.07492029109105,97.06705615501414
123,190.62342910067355,-54.0,111.43566271844975,94.67926999158925
124,194.02603233408172,-54.0,94.64621583183975,123.19479199143126
125,197.4286355674899,-54.0,98.6353948284642,93.8792503168026
126,200.83123880089806,-54.0,92.6135853218918,147.55294833760024
127,204.23384203430624,-54.0,95.43987151258113,88.50070442307748
128,207.6364452677144,-54.0,86.6567906568784,126.38369044853755
129,211.03904850112258,-54.0,85.10430545311408,84.35080953215322
130,214.44165173453075,-54.0,78.46404683990212,223.64086281009372
131,217.84425496793892,-54.0,76.20362216925383,84.36122618675387
132,160.0,-52.0,98.64066151183911,305.8953753439709
133,163.2485384909655,-52.0,277.64215686492804,112.68161872492453
134,166.497076981931,-52.0,91.93585108784146,692.7172583899214
135,169.7456154728965,-52.0,84.76939316288286,86.92871670032417
136,172.994153963862,-52.0,86.21638811193071,427.0593567512386
137,176.2426924548275,-52.0,96.55131988681632,89.27225460602813
138,179.491230945793,-52.0,111.50810002569088,289.82742490629215
139,182.7397694367585,-52.0,112.1349108363809,115.41757332281259
140,185.988307927724,-52.0,115.4966990088283,132.5713192081995
141,189.2368464186895,-52.0,121.33367174885632,115.9346614398097
142,192.485384909655,-52.0,108.2121014797961,118.0738653819842
143,195.7339234006205,-52.0,117.30573115377899,105.80600321989641
144,198.982461891586,-52.0,112.1843895546379,88.34478311152105
145,202.2310003825515,-52.0,105.69353201287669,88.78476572162793
146,205.47953887351701,-52.0,95.13360336865844,153.26133227761613
147,208.72807736448252,-52.0,107.65812371850203,87.2719343076842
148,211.97661585544802,-52.0,86.6733383957131,130.22925339563574
149,215.22515434641352,-52.0,84.90974511436994,84.65505377261621
150,218.47369283737902,-52.0,78.88632859422717,572.7710304213401
151,160.0,-50.0,91.07060076130142,282.37919744203134
152,163.11144765372083,-50.0,101.88826740528555,576.0159910082922
153,166.22289530744166,-50.0,252.3952930498277,94.67037565715435
154,169.3343429611625,-50.0,87.36945152050956,609.2457007894893
155,172.44579061488332,-50.0,93.732089218851,91.59192810402595
156,175.55723826860415,-50.0,103.32728241464147,552.5620798124668
157,178.66868592232498,-50.0,115.6173758050744,107.065164292119
158,181.7801335760458,-50.0,127.38388850388938,295.3009886759461
159,184.89158122976664,-50.0,119.62366165014745,117.24957424841523
160,188.00302888348747,-50.0,113.74917989274306,126.64975836340363
161,191.1144765372083,-50.0,129.24820172764515,122.76506253737591
162,194.22592419092913,-50.0,108.26478663051637,127.24059392251155
163,197.33737184464997,-50.0,121.83331344929672,103.8713400880302
164,200.4488194983708,-50.0,108.469384436101,140.82634683130664
165,203.56026715209163,-50.0,106.06556883011908,89.44319520584025
166,206.67171480581246,-50.0,107.47970287943508,155.71937604756238
167,209.7831624595333,-50.0,113.60512852784206,96.199426162115
168,212.89461011325412,-50.0,92.13281478191828,138.74496314981434
169,216.00605776697495,-50.0,90.70923631023462,84.58205945333964
170,219.11750542069578,-50.0,80.63779482688204,535.5984004973814
171,160.0,-48.0,105.4396415575124,179.17890546267085
172,162.98895309972923,-48.0,101.68961305297884,280.5861643042574
173,165.97790619945846,-48.0,85.2106801141976,150.74384433743546
174,168.9668592991877,-48.0,98.21820601552355,762.2508018354733
175,171.95581239891692,-48.0,117.52853798735035,89.1318474090885
176,174.94476549864615,-48.0,110.84774759209517,394.9055087840782
177,177.93371859837538,-48.0,127.39455459688378,115.75864133985476
178,180.9226716981046,-48.0,128.81539697885805,680.1771539027105
179,183.91162479783384,-48.0,128.83582564277748,121.17318313500346
180,186.90057789756307,-48.0,120.50055908438554,231.3142985064875
181,189.8895309972923,-48.0,126.37268715811626,111.64767317974923
182,192.87848409702153,-48.0,112.68245525965176,125.05582428165735
183,195.86743719675076,-48.0,126.27075415611745,107.08297840071788
184,198.85639029648,-48.0,107.66841785627548,129.1426134074889
185,201.84534339620922,-48.0,109.3184110573975,87.79386482983745
186,204.83429649593845,-48.0,90.0730439323884,156.7825814217449
187,207.82324959566768,-48.0,102.5613380989991,85.41365887856102
188,210.8122026953969,-48.0,86.60282117102815,132.91797316196096
189,213.80115579512614,-48.0,96.84631123143973,79.84274001952167
190,216.79010889485536,-48.0,85.34684457364528,231.4501512573038
191,219.7790619945846,-48.0,91.0041020117439,81.51668276311483
192,160.0,-46.0,117.7730403376292,348.1923925589954
193,162.87911307925145,-46.0,109.99177264857451,94.87748223777385
194,165.7582261585029,-46.0,108.16822502420985,343.0377736433288
195,168.63733923775436,-46.0,88.76766977995652,103.02395438110739
196,171.51645231700581,-46.0,116.16169793119525,821.6871408355703
197,174.39556539625727,-46.0,142.0269787017599,116.12669869522654
198,177.27467847550872,-46.0,129.44443858528166,379.4509075776497
199,180.15379155476018,-46.0,135.2478277712584,129.04581257232883
200,183.03290463401163,-46.0,136.25325207805813,781.061723900399
201,185.91201771326308,-46.0,126.57531045972732,117.89334473607516
202,188.79113079251454,-46.0,121.03810452575058,230.6925209830755
203,191.670243871766,-46.0,121.41836838006134,113.73017870602848
204,194.54935695101744,-46.0,112.71856759003072,124.51625850987227
205,197.4284700302689,-46.0,126.3577460783589,108.9109298115556
206,200.30758310952035,-46.0,100.21474936185703,129.70800192725096
207,203.1866961887718,-46.0,95.4397415302924,90.17215028192624
208,206.06580926802326,-46.0,80.2048170877195,141.61840004364882
209,208.9449223472747,-46.0,88.95745205466545,81.6538309417158
210,211.82403542652617,-46.0,84.18122360922231,132.45396483921024
211,214.70314850577762,-46.0,89.66010373237492,80.43274703562952
212,217.58226158502907,-46.0,81.15157424052134,195.33741611106302
213,160.0,-44.0,121.43781302730423,118.38949772330767
214,162.78032718203335,-44.0,119.27569377720417,345.3724961794756
215,165.5606543640667,-44.0,138.25868796835528,118.08416107457776
216,168.34098154610004,-44.0,131.41607077908628,498.8202604134431
217,171.12130872813339,-44.0,119.1772080700054,135.98369007773783
218,173.90163591016673,-44.0,159.76272142677308,829.3749726444667
219,176.68196309220008,-44.0,156.0258129576253,142.9796656413547
220,179.46229027423342,-44.0,144.07926104668937,482.7101885656954
221,182.24261745626677,-44.0,141.22059945247906,136.82426360368504
222,185.02294463830012,-44.0,140.45665989836453,757.3950464264052
223,187.80327182033346,-44.0,126.58637238910893,123.77119471687644
224,190.5835990023668,-44.0,130.7040135722839,239.40536992210616
225,193.36392618440016,-44.0,127.51653289425036,125.45563340873298
226,196.1442533664335,-44.0,116.60972058966172,127.38277048034564
227,198.92458054846685,-44.0,122.53094136113057,104.7681448728132
228,201.7049077305002,-44.0,104.21447874089873,129.6595889310811
229,204.48523491253354,-44.0,91.56068436601043,93.40233310393023
230,207.2655620945669,-44.0,87.68549329195127,144.63967857158144
231,210.04588927660024,-44.0,83.15384714843643,89.14888852905523
232,212.82621645863358,-44.0,91.97426732029737,136.5627908991283
233,215.60654364066693,-44.0,84.37188586137853,82.40580985103657
234,218.38687082270027,-44.0,83.94853237577786,171.6954491161186
235,160.0,-42.0,129.1902611767503,124.41335818630677
236,162.69126545921276,-42.0,284.43330646153527,554.0693982696572
237,165.38253091842552,-42.0,155.91994997588017,140.13464185275166
238,168.07379637763827,-42.0,152.43763469076447,282.71700450912385
239,170.76506183685103,-42.0,154.2733345373128,174.52548227212174
240,173.4563272960638,-42.0,176.6787000877185,906.5523468668647
241,176.14759275527655,-42.0,145.64481082562284,150.24064758138718
242,178.8388582144893,-42.0,139.7526299830027,525.2524875670128
243,181.53012367370206,-42.0,144.77291326711966,146.28278235814156
244,184.22138913291482,-42.0,144.38670377872552,555.9902798341709
245,186.91265459212758,-42.0,141.6715188914669,137.6311483681245
246,189.60392005134034,-42.0,150.16955756471373,327.3571896184463
247,192.2951855105531,-42.0,134.60310123745688,138.97904487964138
248,194.98645096976585,-42.0,136.75123480476964,188.17508367615937
249,197.6777164289786,-42.0,120.79206755925853,107.80895107955723
250,200.36898188819137,-42.0,102.88928592410969,104.28356422926038
251,203.06024734740413,-42.0,96.46293593310352,85.51552052963626
252,205.7515128066169,-42.0,89.78464283608866,130.3719103646692
253,208.44277826582965,-42.0,80.3811965133674,90.84323195233861
254,211.1340437250424,-42.0,86.03680143489575,150.46715629123463
255,213.82530918425516,-42.0,83.46346075790257,82.96436341119653
256,216.51657464346792,-42.0,87.29970593749681,122.35519065664704
257,219.20784010268068,-42.0,87.96582086687533,83.17176930933852
258,160.0,-40.0,215.3526729934228,136.2647045783063
259,162.61081457866456,-40.0,128.30710545227043,126.0268887194116
260,165.22162915732912,-40.0,262.51243635885095,567.2397340018962
261,167.83244373599368,-40.0,185.4462297541637,184.6323756685233
262,170.44325831465824,-40.0,183.42281870483134,242.16280899276018
263,173.0540728933228,-40.0,185.23789699162577,203.39778395195464
264,175.66488747198736,-40.0,172.96162402514344,893.528482871167
265,178.27570205065192,-40.0,150.27140985447363,168.40483537884967
266,180.88651662931647,-40.0,149.24894997252528,514.019716472535
267,183.49733120798103,-40.0,166.34203708982614,165.231788004887
268,186.1081457866456,-40.0,161.01781151775404,431.40889470357496
269,188.71896036531015,-40.0,161.32676309570326,172.67789051200862
270,191.3297749439747,-40.0,171.75180504850738,365.4682155767974
271,193.94058952263927,-40.0,140.21848296316108,146.11648686687948
272,196.55140410130383,-40.0,137.0866503607379,275.14028524778746
273,199.1622186799684,-40.0,120.95245699380396,108.04863668542765
274,201.77303325863295,-40.0,104.68712890358961,104.06983042456443
275,204.3838478372975,-40.0,103.15512661913374,96.38772442466114
276,206.99466241596207,-40.0,94.3952954069324,141.2735019397789
277,209.60547699462663,-40.0,82.65354103374713,85.2582147931007
278,212.2162915732912,-40.0,85.53544228058769,149.48750272900918
279,214.82710615195575,-40.0,83.16483550928751,83.06502198193652
280,217.4379207306203,-40.0,84.67122578148806,109.96253601013086
281,220.04873530928487,-40.0,88.93897494465867,80.7401668704087
282,160.0,-38.0,146.14635626604013,302.2413146782143
283,162.53803643014516,-38.0,139.66633031169079,124.56210857150029
284,165.0760728602903,-38.0,171.2241057442,208.38753218612567
285,167.61410929043547,-38.0,183.45012514461007,183.23105312660965
286,170.15214572058062,-38.0,210.6226532740631,315.61839417697297
287,172.69018215072578,-38.0,234.2350746846642,219.39388457561324
288,175.22821858087093,-38.0,189.3013292400986,476.20354193611956
289,177.76625501101609,-38.0,164.2295041466304,189.89554078092823
290,180.30429144116124,-38.0,187.029965364224,876.2967593873068
291,182.8423278713064,-38.0,210.45007908922912,200.4404244282067
292,185.38036430145155,-38.0,184.18658265923222,529.6526480268788
293,187.9184007315967,-38.0,180.4439990768438,195.4451766147164
294,190.45643716174186,-38.0,169.91945740735804,675.8847659933813
295,192.99447359188702,-38.0,152.606728965192,150.10330016943198
296,195.53251002203217,-38.0,137.45824051895346,119.98287204368222
297,198.07054645217733,-38.0,115.71905712596683,107.39526155959032
298,200.60858288232248,-38.0,118.07143453304474,109.27811839915375
299,203.14661931246764,-38.0,120.77399682844231,98.20055985880606
300,205.6846557426128,-38.0,110.44949365862931,119.49449635457637
301,208.22269217275795,-38.0,97.95612022554093,82.11199991167445
302,210.7607286029031,-38.0,88.58299149873886,129.33690752442328
303,213.29876503304826,-38.0,90.33494996970376,82.78735123373161
304,215.8368014631934,-38.0,84.03118739388103,120.08702114867936
305,218.37483789333857,-38.0,88.41707111969515,80.82307166970998
306,160.0,-36.0,150.23480151424758,138.9637904382845
307,162.47213595499957,-36.0,146.82391745811168,133.12244671007784
308,164.94427190999915,-36.0,157.22827265136024,156.41183052718065
309,167.41640786499872,-36.0,174.3101621536907,170.35405229611104
310,169.8885438199983,-36.0,211.91031813053257,337.264380972513
311,172.36067977499786,-36.0,236.41379682643876,231.81017332631137
312,174.83281572999744,-36.0,215.93730440558076,239.22628023526812
313,177.304951684997,-36.0,211.90619990823436,234.9256714045569
314,179.77708763999658,-36.0,218.3205184425257,363.6179492853669
315,182.24922359499615,-36.0,191.39690207254114,237.96762944229516
316,184.72135954999573,-36.0,199.34108665321622,328.7888006493308
317,187.1934955049953,-36.0,196.24158457952967,219.99035935513763
318,189.66563145999487,-36.0,187.0159230567776,200.4022203459749
319,192.13776741499444,-36.0,163.2435789219527,160.7648004592445
320,194.60990336999402,-36.0,133.1545614704237,258.9091552027487
321,197.0820393249936,-36.0,117.60871593126728,101.97038978575131
322,199.55417527999316,-36.0,117.25228633338037,152.4781690587211
323,202.02631123499273,-36.0,114.95735895301823,101.82973641114313
324,204.4984471899923,-36.0,123.79600443486729,103.02920727930609
325,206.97058314499188,-36.0,118.4431081452116,97.95473035802416
326,209.44271909999145,-36.0,102.62616259797119,123.81073225291755
327,211.91485505499102,-36.0,100.1417937924758,85.29075269969422
328,214.3869910099906,-36.0,95.3776377207738,116.58888293495147
329,216.85912696499017,-36.0,89.71664945848275,83.33777852145295
330,219.33126291998974,-36.0,93.55383266039934,96.5001966055255
331,160.0,-34.0,161.5368695665695,149.084165262554
332,162.4124358970078,-34.0,161.40225479602145,155.1107541416277
333,164.82487179401562,-34.0,162.81803652016066,154.8891138058035
334,167.23730769102343,-34.0,173.48817866234748,173.99219916301092
335,169.64974358803124,-34.0,187.8140905525774,188.1523234359164
336,172.06217948503905,-34.0,229.1106235216572,223.26614338458683
337,174.47461538204686,-34.0,250.064254166985,255.1410100362421
338,176.88705127905467,-34.0,237.6877235237866,267.69437036380464
339,179.29948717606248,-34.0,218.9565920719237,245.32434776620903
340,181.7119230730703,-34.0,222.99638908042175,277.1264426962166
341,184.1243589700781,-34.0,198.06282899509813,229.82344777359447
342,186.53679486708592,-34.0,211.7319428169019,562.1836710212405
343,188.94923076409373,-34.0,200.56774710658226,211.38275350651077
344,191.36166666110154,-34.0,169.37349542096703,327.81235870391345
345,193.77410255810935,-34.0,149.53523204610315,145.44512933568984
346,196.18653845511716,-34.0,121.23721099582872,366.31987304678023
347,198.59897435212497,-34.0,116.53131658067937,104.50724330352983
348,201.01141024913278,-34.0,116.97338703123523,235.22835228325584
349,203.4238461461406,-34.0,118.09776696272345,109.05144946833121
350,205.8362820431484,-34.0,130.44064617317815,109.24259820319628
351,208.2487179401562,-34.0,117.41764022352078,103.2709505184771
352,210.66115383716402,-34.0,118.71415113151448,100.0700605118493
353,213.07358973417183,-34.0,106.1917936112107,87.54125785029515
354,215.48602563117964,-34.0,108.81265547103862,96.39319083780691
355,217.89846152818745,-34.0,95.03123314657176,81.81669286069877
356,160.0,-32.0,166.2044843031353,158.56099486303242
357,162.3583568067242,-32.0,169.36022860076957,154.53257018820915
358,164.7167136134484,-32.0,179.51809788897413,167.62035624476323
359,167.0750704201726,-32.0,165.15065783539598,161.3586930857242
360,169.4334272268968,-32.0,182.59218297319822,184.6075574353714
361,171.791784033621,-32.0,206.52634741346765,221.88162074756804
362,174.15014084034522,-32.0,243.2033009514645,278.2026742082862
363,176.50849764706942,-32.0,257.69289746883226,257.315060114026
364,178.86685445379362,-32.0,231.7240295306326,256.8113247313079
365,181.22521126051782,-32.0,219.67623527116487,236.9359927734307
366,183.58356806724203,-32.0,220.8709208510649,379.3902706016073
367,185.94192487396623,-32.0,197.86704063177535,236.56881058172553
368,188.30028168069043,-32.0,219.88341351483328,637.8792332947564
369,190.65863848741463,-32.0,203.42724556021545,211.06464778342365
370,193.01699529413884,-32.0,165.87117127698662,294.30507343478905
371,195.37535210086304,-32.0,146.97367904004184,141.56621262290173
372,197.73370890758724,-32.0,109.23452324027738,209.21912100289785
373,200.09206571431145,-32.0,113.65083321862448,108.89946209852218
374,202.45042252103565,-32.0,115.32098752216734,105.39873270044052
375,204.80877932775985,-32.0,113.87830458197212,98.86876141488898
376,207.16713613448405,-32.0,119.62382092074347,115.12417659924267
377,209.52549294120826,-32.0,127.26159985681295,116.32945545720384
378,211.88384974793246,-32.0,132.34420132228098,125.36193283505679
379,214.24220655465666,-32.0,125.82433016268519,115.22389044263065
380,216.60056336138086,-32.0,126.37914530616729,86.0547673338657
381,218.95892016810507,-32.0,98.49828049809975,83.96988463135688
382,160.0,-30.0,184.75685241953323,153.46224064189937
383,162.3094010767585,-30.0,166.0485291999886,159.26479414151675
384,164.61880215351698,-30.0,175.1512227659755,166.35812451710672
385,166.92820323027547,-30.0,173.19651321659626,167.3356289667799
386,169.23760430703396,-30.0,173.04147553030108,173.56693128876577
387,171.54700538379245,-30.0,205.70824796585077,221.0098190346789
388,173.85640646055094,-30.0,225.55475446010163,250.23653561449004
389,176.16580753730943,-30.0,248.77119423782696,260.18917214703407
390,178.47520861406792,-30.0,259.4364633791442,334.08605532740705
391,180.78460969082641,-30.0,249.78771070912626,252.89602180836215
392,183.0940107675849,-30.0,221.87989794576436,251.88603921901927
393,185.4034118443434,-30.0,188.95573346651972,243.40993743790193
394,187.7128129211019,-30.0,228.02081479781629,453.1820824251589
395,190.02221399786038,-30.0,226.18877111428344,234.83967061797512
396,192.33161507461887,-30.0,192.81026859724065,479.3151494722201
397,194.64101615137736,-30.0,152.41030490155916,166.333623432919
398,196.95041722813585,-30.0,110.11225605763181,248.27923327117242
399,199.25981830489434,-30.0,113.17207455247649,106.81434293291022
400,201.56921938165283,-30.0,106.45297735318687,108.76596296958206
401,203.87862045841132,-30.0,117.11808634440621,96.19152647895919
402,206.1880215351698,-30.0,108.96285113870974,127.29078167883983
403,208.4974226119283,-30.0,117.64853922973936,110.90488027813774
404,210.8068236886868,-30.0,143.8344125047587,142.56376532057493
405,213.11622476544528,-30.0,156.91780652419808,160.45603140953148
406,215.42562584220377,-30.0,148.93107192248448,243.6837657184741
407,217.73502691896226,-30.0,123.27893146423963,119.62955457621456
408,220.04442799572075,-30.0,110.87586317801566,89.3628723284067
409,160.0,-28.0,151.23146422861922,145.11028248313988
410,162.26514010137808,-28.0,177.6213915729418,152.30047618356343
411,164.53028020275616,-28.0,161.77620348638868,158.19613371267815
412,166.79542030413424,-28.0,172.7744309902671,167.83737509317507
413,169.06056040551232,-28.0,168.63771168549295,163.9791572371272
414,171.3257005068904,-28.0,202.33431716721248,220.64409027243545
415,173.59084060826848,-28.0,221.77667559861635,233.10101551745265
416,175.85598070964656,-28.0,238.39716449543585,267.67022605743205
417,178.12112081102464,-28.0,239.7366490100345,252.2945248811052
418,180.38626091240272,-28.0,250.50431581972802,329.862303611757
419,182.6514010137808,-28.0,246.67937772166715,253.6226397788741
420,184.91654111515888,-28.0,224.5718908081075,243.21714740384783
421,187.18168121653696,-28.0,177.990827916511,232.72274247722964
422,189.44682131791504,-28.0,213.1146377910809,261.594386833919
423,191.71196141929312,-28.0,209.90995185014242,210.99271418063523
424,193.9771015206712,-28.0,181.21372610952824,683.075701083129
425,196.24224162204928,-28.0,129.54367562259702,135.1973591861871
426,198.50738172342736,-28.0,116.27273396527181,388.9353226405599
427,200.77252182480544,-28.0,108.72828453819596,105.79585979065678
428,203.03766192618352,-28.0,105.19859794677512,118.12320702073396
429,205.3028020275616,-28.0,118.35655031095467,100.49407481159591
430,207.56794212893968,-28.0,110.15829854441367,106.88822392332366
431,209.83308223031776,-28.0,131.43990804421395,127.36758681506848
432,212.09822233169584,-28.0,150.38136376703773,158.75443200735037
433,214.36336243307392,-28.0,165.65002565179674,167.36951093563192
434,216.628502534452,-28.0,148.92032750671385,389.0127038130114
435,218.89364263583008,-28.0,125.98719335982332,121.5365836637269
436,160.0,-26.0,169.46664826003692,157.97065499334565
437,162.22520388095037,-26.0,156.24695289073344,148.43893969637082
438,164.45040776190075,-26.0,161.2278643479852,159.85079386602854
439,166.67561164285112,-26.0,158.473336583381,150.35308847631666
440,168.9008155238015,-26.0,166.77086319010928,167.67188408710786
441,171.12601940475187,-26.0,190.66143883470198,188.0047014968934
442,173.35122328570225,-26.0,219.42181082807863,225.3087150760415
443,175.57642716665262,-26.0,229.72142665473285,243.6942281563675
444,177.801631047603,-26.0,247.3639407733912,272.8949134872238
445,180.02683492855337,-26.0,239.12786938399054,257.9761884801849
446,182.25203880950374,-26.0,244.6305454828025,289.9208448158497
447,184.47724269045412,-26.0,237.21914220789384,247.98422541956222
448,186.7024465714045,-26.0,226.41251599710066,241.03228694644878
449,188.92765045235487,-26.0,169.6253490085006,218.79889686435234
450,191.15285433330524,-26.0,204.20418773622578,211.69025942641514
451,193.37805821425562,-26.0,185.32305179615156,178.9231373810328
452,195.603262095206,-26.0,156.2338886206976,541.8269352573445
453,197.82846597615637,-26.0,127.03862720349824,133.49729533262519
454,200.05366985710674,-26.0,128.36744270390005,485.71519410757935
455,202.27887373805711,-26.0,119.81418458203916,112.7582301606318
456,204.5040776190075,-26.0,117.80570857710742,132.68798075555412
457,206.72928149995786,-26.0,126.92455931357813,112.96894218068189
458,208.95448538090824,-26.0,122.1277316997789,136.11960135226036
459,211.1796892618586,-26.0,142.9546588211216,130.89693323178312
460,213.404893142809,-26.0,153.15691858211017,167.11593318794849
461,215.63009702375936,-26.0,161.55167599280668,159.99147976465213
462,217.85530090470974,-26.0,140.78110927397853,392.3047680309528
463,220.0805047856601,-26.0,117.64295666835758,109.4224102201108
464,160.0,-24.0,158.11425732702898,174.28497210463058
465,162.1892725570121,-24.0,147.6982585575513,149.55089318583515
466,164.37854511402418,-24.0,150.19877986454256,137.33366472023658
467,166.56781767103627,-24.0,155.03458074505662,136.80535031590586
468,168.75709022804836,-24.0,149.97356216846254,153.99192182033073
469,170.94636278506044,-24.0,182.64824633295498,177.83606886291085
470,173.13563534207253,-24.0,209.06313581174354,220.49112555365093
471,175.32490789908462,-24.0,241.79551998563255,240.5592630036084
472,177.5141804560967,-24.0,245.39579209101439,271.33057843258393
473,179.7034530131088,-24.0,244.3037840338218,256.36422373876974
474,181.8927255701209,-24.0,232.68873697186407,270.14131350902056
475,184.08199812713298,-24.0,241.39052251700025,244.3095519667787
476,186.27127068414507,-24.0,238.63008324836719,245.37006570769347
477,188.46054324115715,-24.0,199.28175578049388,226.61053010248264
478,190.64981579816924,-24.0,204.56822648526978,273.12497075672013
479,192.83908835518133,-24.0,173.4373217692597,172.38738851314588
480,195.02836091219342,-24.0,155.37997949452722,189.18783618039168
481,197.2176334692055,-24.0,132.78332511873003,133.63766654303384
482,199.4069060262176,-24.0,148.46510408657085,343.0095289530078
483,201.5961785832297,-24.0,150.8011134513907,140.5198380593916
484,203.78545114024178,-24.0,136.63747517798626,378.80871668550674
485,205.97472369725386,-24.0,137.0982731879041,136.54429064219994
486,208.16399625426595,-24.0,141.03804622036546,146.42901114321592
487,210.35326881127804,-24.0,151.309527020071,143.27138496104715
488,212.54254136829013,-24.0,157.24853150412378,166.96303634782697
489,214.73181392530222,-24.0,165.0083084994267,161.16538692621447
490,216.9210864823143,-24.0,157.32090456959193,168.86767761469991
491,219.1103590393264,-24.0,137.17824800953466,131.44711827697984
492,160.0,-22.0,170.07472563081845,178.7506153876614
493,162.15706948535518,-22.0,169.26880188045496,289.5805514313639
494,164.31413897071036,-22.0,152.76640666515075,130.72279982782186
495,166.47120845606554,-22.0,138.9411740878006,130.9461338475116
496,168.62827794142072,-22.0,136.827039535932,141.7088283191601
497,170.7853474267759,-22.0,180.1049320537715,175.2183446247783
498,172.94241691213108,-22.0,207.2710966758492,215.55670395758
499,175.09948639748626,-22.0,235.99950893575505,251.83941746848677
500,177.25655588284144,-22.0,252.27933897182507,275.1259649253336
501,179.41362536819662,-22.0,234.44891903592992,266.2561717068708
502,181.5706948535518,-22.0,255.00222610505733,286.10397154884
503,183.72776433890698,-22.0,235.79588695760833,264.13102779741877
504,185.88483382426216,-22.0,222.87642253796844,263.36558553312307
505,188.04190330961734,-22.0,214.67173657858237,231.72313439637753
506,190.19897279497252,-22.0,214.77326256868778,217.6169025095151
507,192.3560422803277,-22.0,167.49861482829363,208.52216798599545
508,194.51311176568288,-22.0,168.9093754564734,223.6461874347658
509,196.67018125103806,-22.0,169.85870053913825,145.92740939447503
510,198.82725073639324,-22.0,158.7626746003822,214.15630400654993
511,200.98432022174842,-22.0,148.53315366927768,147.6729214985976
512,203.1413897071036,-22.0,162.35668743954452,178.96882672850836
513,205.29845919245878,-22.0,151.00586623551288,147.5261438636992
514,207.45552867781396,-22.0,172.57199816810424,180.40038032478662
515,209.61259816316914,-22.0,167.57532029942791,170.08406247610628
516,211.76966764852432,-22.0,183.6983156049098,183.71376920550006
517,213.9267371338795,-22.0,183.87045680562366,184.19242404125282
518,216.08380661923468,-22.0,178.12031864900393,176.93261566283923
519,218.24087610458986,-22.0,152.67782066384882,149.6395521364127
520,160.0,-20.0,188.05198939469688,194.2917860706076
521,162.12835554495183,-20.0,169.65044120826957,230.50954888638057
522,164.25671108990366,-20.0,152.3687506605338,145.50359481098565
523,166.3850666348555,-20.0,136.9090126439827,128.468374929733
524,168.51342217980732,-20.0,163.4315858258057,136.8400137806983
525,170.64177772475915,-20.0,179.31340184842338,165.95263728566675
526,172.77013326971098,-20.0,210.2034454009595,212.13520553725414
527,174.8984888146628,-20.0,241.44927068388319,242.0065714877706
528,177.02684435961464,-20.0,255.5162843925628,272.1203425368053
529,179.15519990456647,-20.0,255.65275342662432,250.5594358017902
530,181.2835554495183,-20.0,238.44797033479043,275.392081094516
531,183.41191099447013,-20.0,235.55246689262665,252.55282986677076
532,185.54026653942196,-20.0,253.73736259521468,273.6216435476888
533,187.6686220843738,-20.0,212.26820429557895,218.8495421761944
534,189.79697762932562,-20.0,208.37347378552192,234.18464567536563
535,191.92533317427745,-20.0,179.22713867643606,188.72460838777596
536,194.05368871922929,-20.0,187.03393449077484,198.95195409774476
537,196.18204426418112,-20.0,191.8193654170641,161.52432151359096
538,198.31039980913295,-20.0,169.0288085429443,169.56172076224243
539,200.43875535408478,-20.0,144.0912632352895,152.68892081550462
540,202.5671108990366,-20.0,171.14183925947802,174.07383549488657
541,204.69546644398844,-20.0,178.55100293466057,170.75418507592667
542,206.82382198894027,-20.0,186.8682713570327,205.6808432429018
543,208.9521775338921,-20.0,203.8886187239242,208.13923453331438
544,211.08053307884393,-20.0,217.43128082624884,226.27186725461894
545,213.20888862379576,-20.0,205.92959631844877,214.49505584722982
546,215.3372441687476,-20.0,202.84489840269248,208.25322724657667
547,217.46559971369942,-20.0,178.27526153083852,180.2889424651504
548,219.59395525865125,-20.0,159.72940111523832,145.57436320534566
549,160.0,-18.0,182.52354654516006,187.5480016661483
550,162.10292444847653,-18.0,181.59364798571886,184.42396385308325
551,164.20584889695306,-18.0,165.83176090236532,221.0766153893453
552,166.30877334542959,-18.0,163.97713490629508,150.6932106101226
553,168.41169779390611,-18.0,150.39094304933926,148.54076401495183
554,170.51462224238264,-18.0,196.94124850437228,175.4918021901393
555,172.61754669085917,-18.0,199.1559970904828,199.3974661963191
556,174.7204711393357,-18.0,252.99659226627767,248.9920207367593
557,176.82339558781223,-18.0,255.74646275250814,252.4728294194083
558,178.92632003628876,-18.0,258.5271865387544,267.4931650759636
559,181.0292444847653,-18.0,251.1547574190368,242.9385906369385
560,183.13216893324181,-18.0,241.9501683734696,268.9788241519763
561,185.23509338171834,-18.0,237.22687661626102,248.18289017646788
562,187.33801783019487,-18.0,245.813168466688,266.59620185797314
563,189.4409422786714,-18.0,219.01256094805862,230.74882714835087
564,191.54386672714793,-18.0,227.64691830991933,245.75949060657598
565,193.64679117562446,-18.0,199.83547183615582,208.73055910853793
566,195.749715624101,-18.0,197.94968564554554,220.73847271510056
567,197.85264007257751,-18.0,223.4590606333402,190.1663576695385
568,199.95556452105404,-18.0,185.11476744659774,205.96169206672124
569,202.05848896953057,-18.0,173.5231257582941,191.92171275518024
570,204.1614134180071,-18.0,205.19080528138548,225.67525609102233
571,206.26433786648363,-18.0,221.25605574755892,239.02416590864476
572,208.36726231496016,-18.0,235.68992451587667,276.4721922988301
573,210.4701867634367,-18.0,243.47185531114567,260.8025011682895
574,212.57311121191321,-18.0,235.19859561066082,264.9856790642358
575,214.67603566038974,-18.0,215.0658725993705,237.08505707624977
576,216.77896010886627,-18.0,206.27417507384098,223.54729556895518
577,218.8818845573428,-18.0,188.38883513725784,191.47588870655233
578,160.0,-16.0,176.92472126356347,203.64366180979823
579,162.0805988717232,-16.0,187.91747863421097,189.2224441267772
580,164.1611977434464,-16.0,181.92340132930187,181.56912882611255
581,166.2417966151696,-16.0,179.0488536261646,177.80630983573167
582,168.3223954868928,-16.0,184.6920735088189,181.39348171717654
583,170.40299435861598,-16.0,186.43919149804447,187.53852359473245
584,172.48359323033918,-16.0,218.33872324351907,213.9888682174502
585,174.56419210206238,-16.0,230.735689660691,235.9274906920657
586,176.64479097378558,-16.0,263.023851180302,261.3429755165032
587,178.72538984550877,-16.0,253.7527221450688,253.55632834078722
588,180.80598871723197,-16.0,240.390480619858,254.8473580677337
589,182.88658758895517,-16.0,254.6953157946915,252.55387516633107
590,184.96718646067836,-16.0,237.67408033291008,268.54216589078857
591,187.04778533240156,-16.0,244.6304508309087,265.4772168263803
592,189.12838420412476,-16.0,248.02904753344808,279.22459345035236
593,191.20898307584795,-16.0,234.20430468827664,264.17612777747274
594,193.28958194757115,-16.0,245.29033128165918,260.8224339306053
595,195.37018081929435,-16.0,210.46618023634582,237.38917931697847
596,197.45077969101754,-16.0,211.09815297546444,250.79675172156118
597,199.53137856274074,-16.0,235.47082265318335,230.93886344989573
598,201.61197743446394,-16.0,210.8908605154745,245.8545430819746
599,203.69257630618714,-16.0,208.105857719642,258.3413701803717
600,205.77317517791033,-16.0,240.9574108288164,283.1706115942018
601,207.85377404963353,-16.0,242.25824998054804,283.00798915903283
602,209.93437292135673,-16.0,233.65813925202946,286.59038284084124
603,212.01497179307992,-16.0,235.62769915786336,253.63293914974827
604,214.09557066480312,-16.0,211.47777870859156,258.1670191156918
605,216.17616953652632,-16.0,206.31009774593926,231.21506179672474
606,218.2567684082495,-16.0,203.52300556569799,239.65242494792773
607,160.0,-14.0,193.33601167416026,219.0229178337844
608,162.0612272586998,-14.0,186.33843945381625,206.53427100362376
609,164.1224545173996,-14.0,198.1163690552208,204.86512308385193
610,166.1836817760994,-14.0,195.6827505795036,202.39641090770556
611,168.2449090347992,-14.0,203.7981058777742,218.7491334562664
612,170.306136293499,-14.0,212.16973053793788,217.27043452983082
613,172.3673635521988,-14.0,208.41044508626823,228.91643735244764
614,174.4285908108986,-14.0,240.7659712361753,246.4886441300149
615,176.4898180695984,-14.0,256.35974394696586,279.06348126278
616,178.55104532829822,-14.0,271.71740734377954,265.71387878277795
617,180.61227258699802,-14.0,254.0179017172448,259.84474442128777
618,182.67349984569782,-14.0,248.00978737068195,266.8646641948625
619,184.73472710439762,-14.0,263.64574479066977,272.48489960225646
620,186.79595436309742,-14.0,251.52588764268438,280.71056813928766
621,188.85718162179722,-14.0,259.3778838253203,290.6611441257028
622,190.91840888049703,-14.0,259.34476382929466,292.91998954659186
623,192.97963613919683,-14.0,236.80583277193531,270.3767134195722
624,195.04086339789663,-14.0,240.8527663923256,258.52886327960414
625,197.10209065659643,-14.0,235.2257539127208,262.36732320982617
626,199.16331791529623,-14.0,245.575690923879,271.269196707447
627,201.22454517399603,-14.0,261.5919086128615,289.93469254088217
628,203.28577243269584,-14.0,254.1906577772172,293.36687999352125
629,205.34699969139564,-14.0,226.96528698096415,302.1001395990825
630,207.40822695009544,-14.0,253.99682340887324,291.2870735392674
631,209.46945420879524,-14.0,251.4247281176446,305.32225569466954
632,211.53068146749504,-14.0,230.54714026352593,276.98361019716253
633,213.59190872619484,-14.0,230.60464241194143,253.8911851288048
634,215.65313598489465,-14.0,209.32569998788287,258.24218316849647
635,217.71436324359445,-14.0,213.74845664485954,242.41679116637783
636,219.77559050229425,-14.0,215.71481465035674,266.84037667185714
637,160.0,-12.0,210.9124256191169,225.06476909128708
638,162.04468118973006,-12.0,199.3861590517581,819.4102977773424
639,164.0893623794601,-12.0,199.3316413423723,205.676399119513
640,166.13404356919017,-12.0,192.20748489842362,209.2972438112622
641,168.17872475892023,-12.0,205.46550235534892,227.0503466145849
642,170.22340594865028,-12.0,221.66863838746244,233.0277987084296
643,172.26808713838034,-12.0,239.9194752444423,240.4053818535192
644,174.3127683281104,-12.0,241.96964617927642,252.680663179681
645,176.35744951784045,-12.0,248.6697481208441,261.2117384582658
646,178.4021307075705,-12.0,223.7728913170682,261.1547148022162
647,180.44681189730056,-12.0,254.43549189711325,265.90969430030793
648,182.49149308703062,-12.0,245.238178752292,275.56318172522447
649,184.53617427676068,-12.0,258.5255062146706,282.73271496481556
650,186.58085546649073,-12.0,247.1563828227704,279.32393609048916
651,188.6255366562208,-12.0,262.1130914886621,296.6875429260256
652,190.67021784595084,-12.0,268.09643666390207,290.832334011228
653,192.7148990356809,-12.0,249.14609144396024,281.7188282093049
654,194.75958022541096,-12.0,233.6971915505066,268.93878730474347
655,196.804261415141,-12.0,232.2937893055337,263.1397556715534
656,198.84894260487107,-12.0,254.63776971605864,303.16964744009005
657,200.89362379460113,-12.0,298.0227950659171,317.51766149630635
658,202.93830498433118,-12.0,287.29608052762785,327.9225668413658
659,204.98298617406124,-12.0,231.14324881068498,314.3048630405321
660,207.0276673637913,-12.0,267.04160299833154,275.60811698406053
661,209.07234855352135,-12.0,272.02439528364084,301.57611973643816
662,211.1170297432514,-12.0,240.90552083522329,248.42433038901197
663,213.16171093298146,-12.0,227.04997228633988,273.94505624381077
664,215.20639212271152,-12.0,221.3018879818075,234.6019591905591
665,217.25107331244158,-12.0,225.6477855958665,254.51037848022764
666,219.29575450217163,-12.0,216.55190101389024,222.99088966236468
667,160.0,-10.0,235.3952800808657,248.96373001655695
668,162.0308532237715,-10.0,494.8755114968068,342.9071989273416
669,164.06170644754297,-10.0,204.90951364236003,224.67750614811575
670,166.09255967131446,-10.0,256.17774179901227,204.78905180058172
671,168.12341289508595,-10.0,212.79036358440413,233.88539476258683
672,170.15426611885744,-10.0,214.9637750205976,226.7632098778081
673,172.18511934262892,-10.0,234.4513752668209,251.42912092614245
674,174.2159725664004,-10.0,236.9932050277393,240.36805461997642
675,176.2468257901719,-10.0,239.4505416521813,263.7931951518911
676,178.27767901394338,-10.0,240.01470187022574,254.13064818841883
677,180.30853223771487,-10.0,260.69261481565115,269.19231384932107
678,182.33938546148636,-10.0,243.50547984728846,262.71133795095704
679,184.37023868525785,-10.0,281.41985118893194,292.94910707339903
680,186.40109190902933,-10.0,269.77131546039743,282.6598772961159
681,188.43194513280082,-10.0,292.55939576065987,304.8172884321169
682,190.4627983565723,-10.0,289.111574625821,292.7782930763094
683,192.4936515803438,-10.0,269.6478734342139,304.7597649049137
684,194.52450480411528,-10.0,306.13058364674885,256.24504093549257
685,196.55535802788677,-10.0,253.39342508413495,285.81303845137046
686,198.58621125165826,-10.0,252.3287813769785,273.5113799894374
687,200.61706447542974,-10.0,294.8562753859718,320.53452202897233
688,202.64791769920123,-10.0,258.8398596747163,284.9148706375521
689,204.67877092297272,-10.0,240.79061854713916,303.79389091678263
690,206.7096241467442,-10.0,256.36626630089177,267.16007586621
691,208.7404773705157,-10.0,256.81060031984134,298.49513520222354
692,210.77133059428718,-10.0,243.3475718238602,256.33610949898167
693,212.80218381805867,-10.0,224.52894308622766,282.57113663222447
694,214.83303704183015,-10.0,234.38371003761804,251.81823519011084
695,216.86389026560164,-10.0,242.73102869184999,290.88697112067916
696,218.89474348937313,-10.0,221.1748475547866,239.3290282954797
