,f,a
0,-1100000.0,34.44130795884475
1,-1098925.78125,34.61505874780111
2,-1097851.5625,33.90110624146737
3,-1096777.34375,33.91072229859874
4,-1095703.125,33.61091548265187
5,-1094628.90625,33.64464872952218
6,-1093554.6875,33.870812173296
7,-1092480.46875,34.25474351268978
8,-1091406.25,33.76815968252984
9,-1090332.03125,34.62844497435027
10,-1089257.8125,34.125138942201254
11,-1088183.59375,34.83672955455397
12,-1087109.375,34.09021114897419
13,-1086035.15625,34.66318247724509
14,-1084960.9375,33.940831325299825
15,-1083886.71875,33.93012873570322
16,-1082812.5,34.0443596963008
17,-1081738.28125,34.489892824296874
18,-1080664.0625,34.42358294532384
19,-1079589.84375,34.22193939530448
20,-1078515.625,34.49152260450692
21,-1077441.40625,34.98928165957212
22,-1076367.1875,34.492035857609146
23,-1075292.96875,34.34328260577376
24,-1074218.75,34.79375756821524
25,-1073144.53125,34.93664442084659
26,-1072070.3125,34.86285140763619
27,-1070996.09375,34.35778444536639
28,-1069921.875,34.62948067011281
29,-1068847.65625,34.75376584373373
30,-1067773.4375,34.41461431665326
31,-1066699.21875,34.963342074210765
32,-1065625.0,34.708015579361884
33,-1064550.78125,34.532870007950194
34,-1063476.5625,35.10099773781159
35,-1062402.34375,35.56129764337992
36,-1061328.125,35.342198716786804
37,-1060253.90625,35.585207380721876
38,-1059179.6875,35.12190692063553
39,-1058105.46875,35.274683363758676
40,-1057031.25,35.4445735862864
41,-1055957.03125,35.54063703159674
42,-1054882.8125,36.2590695749488
43,-1053808.59375,35.66734393526428
44,-1052734.375,35.58823244735029
45,-1051660.15625,35.960539029530466
46,-1050585.9375,36.022402437305956
47,-1049511.71875,35.76626574525051
48,-1048437.5,36.46149136543032
49,-1047363.28125,36.35303736278788
50,-1046289.0625,36.45667171890852
51,-1045214.84375,35.981807501026005
52,-1044140.625,36.911420974530685
53,-1043066.40625,37.210893101894975
54,-1041992.1875,36.945664890848725
55,-1040917.96875,37.396455671266125
56,-1039843.75,37.64309902579977
57,-1038769.53125,38.31105191872734
58,-1037695.3125,37.48488845881569
59,-1036621.09375,36.42245292374382
60,-1035546.875,38.04921649969411
61,-1034472.65625,37.626507937570494
62,-1033398.4375,37.918890052810866
63,-1032324.21875,38.37484761939229
64,-1031250.0,38.24492607269706
65,-1030175.78125,39.045437548223205
66,-1029101.5625,74.78794269254301
67,-1028027.34375,38.72241824525794
68,-1026953.125,38.87623920400404
69,-1025878.90625,39.40788113459941
70,-1024804.6875,39.59877348530689
71,-1023730.46875,40.018628110306096
72,-1022656.25,39.29649221068971
73,-1021582.03125,40.309964565173445
74,-1020507.8125,39.87982997453007
75,-1019433.59375,39.62926527479667
76,-1018359.375,40.52268423264658
77,-1017285.15625,40.62476859511083
78,-1016210.9375,40.83730230136001
79,-1015136.71875,40.47393312107326
80,-1014062.5,41.53296392564773
81,-1012988.28125,41.21049537832586
82,-1011914.0625,40.927755009067006
83,-1010839.84375,41.96920739969798
84,-1009765.625,41.36773245248102
85,-1008691.40625,42.27212239079592
86,-1007617.1875,42.613779597902955
87,-1006542.96875,42.16451831808317
88,-1005468.75,42.886298097469584
89,-1004394.53125,43.0020074349102
90,-1003320.3125,43.88229179183398
91,-1002246.09375,44.43129901210893
92,-1001171.875,43.55462464004371
93,-1000097.65625,43.73534746642508
94,-999023.4375,43.52210080408671
95,-997949.21875,44.12130500037533
96,-996875.0,45.382998545688714
97,-995800.78125,43.71731142149418
98,-994726.5625,44.74939464846329
99,-993652.34375,44.978862841955866
100,-992578.125,44.99767797012123
101,-991503.90625,44.87497389751401
102,-990429.6875,45.228249721904504
103,-989355.46875,47.285134991507725
104,-988281.25,46.31237111900485
105,-987207.03125,45.89709824474312
106,-986132.8125,47.45816222945569
107,-985058.59375,46.93473610072812
108,-983984.375,47.911100030183015
109,-982910.15625,47.12572678874658
110,-981835.9375,47.23990788328258
111,-980761.71875,47.36325043723753
112,-979687.5,48.04126281999905
113,-978613.28125,47.84041076962773
114,-977539.0625,48.285241485261466
115,-976464.84375,48.92312033297522
116,-975390.625,49.16548220248224
117,-974316.40625,48.22452441362937
118,-973242.1875,48.900765630794275
119,-972167.96875,48.25466348168551
120,-971093.75,50.77702896234873
121,-970019.53125,50.92255660332335
122,-968945.3125,50.67048169957229
123,-967871.09375,50.21290720388091
124,-966796.875,51.07156579212547
125,-965722.65625,52.103677656259784
126,-964648.4375,50.91762910008183
127,-963574.21875,51.836855346997375
128,-962500.0,51.79968518208582
129,-961425.78125,51.75231731987913
130,-960351.5625,52.683820016865376
131,-959277.34375,52.75606626673466
132,-958203.125,52.98797330349031
133,-957128.90625,53.961043170167216
134,-956054.6875,52.88086347579501
135,-954980.46875,54.57262827583814
136,-953906.25,54.02930360159669
137,-952832.03125,54.10109720652329
138,-951757.8125,54.22518058150846
139,-950683.59375,55.46134327756543
140,-949609.375,54.81052989188987
141,-948535.15625,55.94936576200827
142,-947460.9375,55.256071790408484
143,-946386.71875,56.349481203934936
144,-945312.5,56.83726856404306
145,-944238.28125,57.90598433813889
146,-943164.0625,57.91074085857141
147,-942089.84375,57.39175998838639
148,-941015.625,56.98675458970472
149,-939941.40625,57.194317592328275
150,-938867.1875,58.02145915707186
151,-937792.96875,59.44192763446206
152,-936718.75,58.321693198987596
153,-935644.53125,60.359940307203935
154,-934570.3125,60.53426493014381
155,-933496.09375,59.67254881841749
156,-932421.875,60.35527043452294
157,-931347.65625,60.4903784582618
158,-930273.4375,60.79140531348305
159,-929199.21875,61.58387569871081
160,-928125.0,61.10128989917953
161,-927050.78125,61.14120626073923
162,-925976.5625,61.69197176866534
163,-924902.34375,61.60756444955639
164,-923828.125,62.699842873720826
165,-922753.90625,63.415735934696336
166,-921679.6875,63.03051337635002
167,-920605.46875,64.07893882054445
168,-919531.25,63.08922297392087
169,-918457.03125,64.39317746094976
170,-917382.8125,64.44871314245746
171,-916308.59375,64.49813869850732
172,-915234.375,64.59525195851842
173,-914160.15625,65.88754704283772
174,-913085.9375,65.84996598254492
175,-912011.71875,64.38178041207392
176,-910937.5,66.33974013416103
177,-909863.28125,67.10190321974912
178,-908789.0625,67.58703439678771
179,-907714.84375,66.61946880613682
180,-906640.625,66.17902582265435
181,-905566.40625,67.01656894705744
182,-904492.1875,68.34009541870057
183,-903417.96875,68.44475168328907
184,-902343.75,67.40992891857395
185,-901269.53125,67.95427018280539
186,-900195.3125,68.77804772537465
187,-899121.09375,68.45309956155039
188,-898046.875,68.93216968624299
189,-896972.65625,68.74506552585206
190,-895898.4375,69.29828292042754
191,-894824.21875,69.56601862003745
192,-893750.0,71.0158162599516
193,-892675.78125,71.8915924096416
194,-891601.5625,71.47206691658619
195,-890527.34375,72.579360794156
196,-889453.125,71.44254258942019
197,-888378.90625,72.38590531967117
198,-887304.6875,71.97106619562653
199,-886230.46875,74.2473762700401
200,-885156.25,71.7075403634818
201,-884082.03125,73.85040844314328
202,-883007.8125,73.95167929428
203,-881933.59375,74.0531583202653
204,-880859.375,72.55001146186405
205,-879785.15625,75.29600589717917
206,-878710.9375,75.23779080070803
207,-877636.71875,74.5055570140455
208,-876562.5,75.18002292168725
209,-875488.28125,74.54807373182149
210,-874414.0625,76.27465177262305
211,-873339.84375,75.63599338547137
212,-872265.625,76.27511892120495
213,-871191.40625,76.71632956118135
214,-870117.1875,78.45257421235192
215,-869042.96875,77.36960667428541
216,-867968.75,78.46809615526111
217,-866894.53125,78.37714414894923
218,-865820.3125,78.09804083487997
219,-864746.09375,79.41191605675098
220,-863671.875,81.69115680656937
221,-862597.65625,80.65684756252425
222,-861523.4375,80.69827382509047
223,-860449.21875,81.48236977725331
224,-859375.0,80.15562411576758
225,-858300.78125,79.70301279718758
226,-857226.5625,81.97818856072094
227,-856152.34375,81.45334923517589
228,-855078.125,79.79125955038364
229,-854003.90625,81.08450536430169
230,-852929.6875,80.58778632412617
231,-851855.46875,81.5143211462087
232,-850781.25,82.17750590586246
233,-849707.03125,82.38609081297916
234,-848632.8125,82.02434845686629
235,-847558.59375,82.93085183379688
236,-846484.375,84.4992325484681
237,-845410.15625,84.3898763280837
238,-844335.9375,83.93212052785199
239,-843261.71875,85.0392469610416
240,-842187.5,83.4839400259228
241,-841113.28125,83.54442851036698
242,-840039.0625,84.50560274156615
243,-838964.84375,84.78226855188865
244,-837890.625,85.02450407417845
245,-836816.40625,85.01830864360501
246,-835742.1875,85.31725379591998
247,-834667.96875,85.91352776530908
248,-833593.75,86.29850286018427
249,-832519.53125,87.07177464379772
250,-831445.3125,87.82713160704611
251,-830371.09375,88.56697325404949
252,-829296.875,86.30248104455825
253,-828222.65625,87.93188530962098
254,-827148.4375,86.87625644527395
255,-826074.21875,87.06612293935119
256,-825000.0,89.9291540559444
257,-823925.78125,88.91878565785498
258,-822851.5625,89.09529304632308
259,-821777.34375,88.65665767738507
260,-820703.125,90.48818338181631
261,-819628.90625,92.07889034455978
262,-818554.6875,88.9423544147128
263,-817480.46875,89.76520533468826
264,-816406.25,90.47190698721145
265,-815332.03125,91.34960826849154
266,-814257.8125,91.22238479738486
267,-813183.59375,90.45136883287802
268,-812109.375,91.6334426118009
269,-811035.15625,92.58452397805965
270,-809960.9375,92.65278548038124
271,-808886.71875,91.52287920059477
272,-807812.5,90.61950248302674
273,-806738.28125,93.9284322345094
274,-805664.0625,93.14067428921355
275,-804589.84375,91.68091042555358
276,-803515.625,92.60940323990343
277,-802441.40625,93.04196360888261
278,-801367.1875,93.47963882541431
279,-800292.96875,95.16475620178537
280,-799218.75,94.77092676853964
281,-798144.53125,93.97454122900582
282,-797070.3125,95.30370816021237
283,-795996.09375,94.80622600318537
284,-794921.875,96.4968754026452
285,-793847.65625,94.45982110078056
286,-792773.4375,94.80576968257918
287,-791699.21875,94.64103569455638
288,-790625.0,94.82280813290315
289,-789550.78125,95.90407242840102
290,-788476.5625,96.11041743207961
291,-787402.34375,96.77626438325396
292,-786328.125,95.52195507041695
293,-785253.90625,98.32210634864488
294,-784179.6875,97.63052932689983
295,-783105.46875,98.23870984355874
296,-782031.25,98.39691944240747
297,-780957.03125,95.99460601988692
298,-779882.8125,95.21481976664313
299,-778808.59375,98.15721573564961
300,-777734.375,97.76267361542371
301,-776660.15625,98.23551341214618
302,-775585.9375,97.47541688907116
303,-774511.71875,98.88347123332521
304,-773437.5,99.39045526437003
305,-772363.28125,97.59985963851626
306,-771289.0625,99.46656147756443
307,-770214.84375,99.13860229794517
308,-769140.625,98.60976073428454
309,-768066.40625,98.98503241255793
310,-766992.1875,101.10059391222272
311,-765917.96875,99.37631272010101
312,-764843.75,99.6090703129321
313,-763769.53125,100.28343448385344
314,-762695.3125,100.60564391135772
315,-761621.09375,100.43151581698953
316,-760546.875,101.78226006092625
317,-759472.65625,102.42345800543187
318,-758398.4375,102.85393075385343
319,-757324.21875,103.61896520249837
320,-756250.0,101.2046804996702
321,-755175.78125,102.28397061263829
322,-754101.5625,102.42926653204692
323,-753027.34375,103.21471953348494
324,-751953.125,101.46062435603203
325,-750878.90625,101.29189257712046
326,-749804.6875,101.93412224549948
327,-748730.46875,102.33902305712303
328,-747656.25,102.84208975836756
329,-746582.03125,103.68776192720392
330,-745507.8125,102.27640122099331
331,-744433.59375,103.77926157420299
332,-743359.375,100.82624823800188
333,-742285.15625,102.69604280012945
334,-741210.9375,102.36275412083383
335,-740136.71875,103.83037434065216
336,-739062.5,103.08961331112147
337,-737988.28125,103.4674460110103
338,-736914.0625,103.42419329588196
339,-735839.84375,104.03439796850861
340,-734765.625,103.15829882830671
341,-733691.40625,104.29104229768038
342,-732617.1875,101.76954280464517
343,-731542.96875,106.3360802857846
344,-730468.75,105.31536270429511
345,-729394.53125,104.38812437051659
346,-728320.3125,103.14904834157288
347,-727246.09375,104.66664258904211
348,-726171.875,104.99472207865976
349,-725097.65625,104.32400246237177
350,-724023.4375,105.90003598451561
351,-722949.21875,104.92517854129223
352,-721875.0,106.09719636987474
353,-720800.78125,105.38643894011778
354,-719726.5625,105.91803060260965
355,-718652.34375,104.31716681669486
356,-717578.125,105.11517377711756
357,-716503.90625,107.32165863650644
358,-715429.6875,105.64617555018668
359,-714355.46875,105.26087353512435
360,-713281.25,103.07941499539508
361,-712207.03125,106.29637087659665
362,-711132.8125,106.58251131021818
363,-710058.59375,103.18748738481423
364,-708984.375,106.29922764649514
365,-707910.15625,108.37574320875555
366,-706835.9375,105.81499255056164
367,-705761.71875,105.94699996631765
368,-704687.5,106.99610968798048
369,-703613.28125,105.85595557562625
370,-702539.0625,107.31406559300348
371,-701464.84375,106.84172366148073
372,-700390.625,105.66189008849561
373,-699316.40625,107.43677600026331
374,-698242.1875,105.58105836763943
375,-697167.96875,107.37050020724062
376,-696093.75,109.3986224828657
377,-695019.53125,108.3443024801213
378,-693945.3125,105.85527389085675
379,-692871.09375,106.73434128951959
380,-691796.875,108.32172330695082
381,-690722.65625,106.49530181741284
382,-689648.4375,107.10998998252964
383,-688574.21875,109.34553200243936
384,-687500.0,108.03202248364373
385,-686425.78125,108.77184367064443
386,-685351.5625,107.33945229164975
387,-684277.34375,106.6418053686447
388,-683203.125,107.4210608794805
389,-682128.90625,107.54146007302558
390,-681054.6875,106.6044035834549
391,-679980.46875,108.02481154812803
392,-678906.25,107.84292492294136
393,-677832.03125,106.96067877858523
394,-676757.8125,107.00972927640551
395,-675683.59375,108.8434748830701
396,-674609.375,109.81490692530622
397,-673535.15625,106.71938145027629
398,-672460.9375,107.93795702795947
399,-671386.71875,106.69874486813589
400,-670312.5,109.85878509724412
401,-669238.28125,106.52234499709091
402,-668164.0625,108.17998043957425
403,-667089.84375,109.04758000608089
404,-666015.625,108.44822400313781
405,-664941.40625,106.32725445513177
406,-663867.1875,107.86790044393445
407,-662792.96875,106.03603288578358
408,-661718.75,107.35683344148866
409,-660644.53125,106.33336947397115
410,-659570.3125,105.6852057157283
411,-658496.09375,107.65334284072719
412,-657421.875,107.8065339238303
413,-656347.65625,109.86101152605683
414,-655273.4375,107.74931557746257
415,-654199.21875,108.9861590666657
416,-653125.0,107.97258653930211
417,-652050.78125,108.94352397390644
418,-650976.5625,106.09580659919726
419,-649902.34375,107.42307226515105
420,-648828.125,107.65036152408656
421,-647753.90625,108.13931489767583
422,-646679.6875,107.76835580271718
423,-645605.46875,108.59933810142537
424,-644531.25,106.72819450923258
425,-643457.03125,108.42477602976211
426,-642382.8125,107.58273216740028
427,-641308.59375,107.20151055507188
428,-640234.375,106.61523744723047
429,-639160.15625,107.18424612594659
430,-638085.9375,108.73356998234915
431,-637011.71875,107.59318932245264
432,-635937.5,107.78554249884388
433,-634863.28125,107.93644637438516
434,-633789.0625,108.37329012582228
435,-632714.84375,107.97407851570821
436,-631640.625,109.2632961513028
437,-630566.40625,107.56179013685899
438,-629492.1875,106.48985671239835
439,-628417.96875,107.15444570516047
440,-627343.75,108.44417905692698
441,-626269.53125,107.2589640876227
442,-625195.3125,106.39312664358852
443,-624121.09375,107.03723277880864
444,-623046.875,106.56295072338425
445,-621972.65625,107.71269509466654
446,-620898.4375,104.59051294434317
447,-619824.21875,108.04916679228207
448,-618750.0,104.27687068173522
449,-617675.78125,107.21609602345173
450,-616601.5625,106.42532986567379
451,-615527.34375,106.12743447467466
452,-614453.125,105.95568254197696
453,-613378.90625,106.70122050941428
454,-612304.6875,105.94934433767213
455,-611230.46875,108.46736054451347
456,-610156.25,107.61481384500924
457,-609082.03125,104.04198314670403
458,-608007.8125,106.53419302860769
459,-606933.59375,106.28255491933129
460,-605859.375,107.67809205910514
461,-604785.15625,106.93856119337909
462,-603710.9375,107.41781048371922
463,-602636.71875,106.06072752468965
464,-601562.5,108.05752007594472
465,-600488.28125,107.3585264345552
466,-599414.0625,107.98488968096957
467,-598339.84375,107.3608618655077
468,-597265.625,105.01577000480809
469,-596191.40625,106.28772811674695
470,-595117.1875,106.42455121087963
471,-594042.96875,105.12996909865397
472,-592968.75,107.00258729709172
473,-591894.53125,108.33146467101876
474,-590820.3125,106.59850766804023
475,-589746.09375,104.99877297731138
476,-588671.875,105.36103872054086
477,-587597.65625,106.5642175001377
478,-586523.4375,105.73255464237268
479,-585449.21875,107.10136267233098
480,-584375.0,105.83034228570294
481,-583300.78125,105.81446394322407
482,-582226.5625,105.50975285506611
483,-581152.34375,105.3858434610132
484,-580078.125,106.96546428369219
485,-579003.90625,104.92972534156651
486,-577929.6875,107.75747305484884
487,-576855.46875,105.69635014048765
488,-575781.25,105.87220803802435
489,-574707.03125,105.76014950058835
490,-573632.8125,104.18377693575155
491,-572558.59375,105.56807082563341
492,-571484.375,105.21254003003891
493,-570410.15625,106.9920445503319
494,-569335.9375,106.14201618029522
495,-568261.71875,103.37106162051025
496,-567187.5,104.6142405647808
497,-566113.28125,106.1875987970965
498,-565039.0625,104.72500627916439
499,-563964.84375,103.14311361426435
500,-562890.625,104.12453531239721
501,-561816.40625,103.96848603001004
502,-560742.1875,104.19971051895473
503,-559667.96875,104.98243751084802
504,-558593.75,103.44872506049185
505,-557519.53125,104.08538364091689
506,-556445.3125,104.57689842463476
507,-555371.09375,105.17146181091834
508,-554296.875,103.3650313780656
509,-553222.65625,102.74160697975474
510,-552148.4375,103.60119055013013
511,-551074.21875,104.61993103052264
512,-550000.0,104.35504157662264
513,-548925.78125,102.6028031696428
514,-547851.5625,103.92613754188064
515,-546777.34375,102.9156390455209
516,-545703.125,101.75875270626717
517,-544628.90625,102.07878581453531
518,-543554.6875,102.60966990653836
519,-542480.46875,101.00502466724863
520,-541406.25,103.48011885073424
521,-540332.03125,101.67200573569343
522,-539257.8125,102.96706885234256
523,-538183.59375,102.86993967128284
524,-537109.375,102.90631747825181
525,-536035.15625,101.77165687587897
526,-534960.9375,101.55210244380896
527,-533886.71875,103.78654150114812
528,-532812.5,101.87080951036451
529,-531738.28125,103.93534793447537
530,-530664.0625,103.75395756138943
531,-529589.84375,103.03875692942013
532,-528515.625,101.61328439212092
533,-527441.40625,100.79316986104418
534,-526367.1875,100.01224205390233
535,-525292.96875,101.53349220337266
536,-524218.75,102.00145132182496
537,-523144.53125,102.52943886577489
538,-522070.3125,101.45067371984543
539,-520996.09375,100.33967668910807
540,-519921.875,101.12527700954584
541,-518847.65625,103.16158256425952
542,-517773.4375,101.71474250013505
543,-516699.21875,100.35898344108774
544,-515625.0,102.41351581197861
545,-514550.78125,101.94722921535318
546,-513476.5625,100.20165648138402
547,-512402.34375,103.09512360125696
548,-511328.125,101.58554220370307
549,-510253.90625,99.3395046876719
550,-509179.6875,100.38348424046532
551,-508105.46875,102.48600699096532
552,-507031.25,101.60847435827814
553,-505957.03125,100.57681897150697
554,-504882.8125,103.01314528598657
555,-503808.59375,101.21161366625556
556,-502734.375,100.73790693387625
557,-501660.15625,100.98085498277482
558,-500585.9375,99.48343168047474
559,-499511.71875,99.10265095108554
560,-498437.5,102.29957249679403
561,-497363.28125,99.33653053461346
562,-496289.0625,99.67352835532571
563,-495214.84375,100.81934404558856
564,-494140.625,100.14298342420543
565,-493066.40625,98.41661411888012
566,-491992.1875,99.33722277624177
567,-490917.96875,99.53687966766093
568,-489843.75,99.62125682396959
569,-488769.53125,101.16875518825393
570,-487695.3125,98.8053318522048
571,-486621.09375,99.61597156704676
572,-485546.875,97.35042952728834
573,-484472.65625,99.22333536917101
574,-483398.4375,100.76437520855126
575,-482324.21875,99.53324157719693
576,-481250.0,100.02098075699695
577,-480175.78125,100.63310139377565
578,-479101.5625,100.26565945181993
579,-478027.34375,99.66861672873601
580,-476953.125,98.23125868485333
581,-475878.90625,97.29148604166869
582,-474804.6875,97.92729182139118
583,-473730.46875,98.85225196657589
584,-472656.25,97.3633900242046
585,-471582.03125,98.64195555105864
586,-470507.8125,99.44212855399824
587,-469433.59375,98.0466053226696
588,-468359.375,99.09980314357107
589,-467285.15625,98.36520954456411
590,-466210.9375,99.6883611498774
591,-465136.71875,97.03693438318149
592,-464062.5,100.96545954440195
593,-462988.28125,98.1836306161527
594,-461914.0625,97.36093375754044
595,-460839.84375,99.35310292104056
596,-459765.625,97.87311613212545
597,-458691.40625,97.59709757383172
598,-457617.1875,98.11941502945463
599,-456542.96875,98.31253822795054
600,-455468.75,97.60545047837329
601,-454394.53125,98.83437816514513
602,-453320.3125,98.4034722273333
603,-452246.09375,96.9176847715757
604,-451171.875,100.0859399570936
605,-450097.65625,98.55823163988488
606,-449023.4375,97.93235584708692
607,-447949.21875,96.95712003545611
608,-446875.0,97.69937552600341
609,-445800.78125,97.6729323083035
610,-444726.5625,99.6023187511477
611,-443652.34375,95.77916014921364
612,-442578.125,96.4451364084012
613,-441503.90625,96.3130860401055
614,-440429.6875,97.80268596245102
615,-439355.46875,98.68002673248088
616,-438281.25,97.35227539926538
617,-437207.03125,96.42435440006852
618,-436132.8125,96.00886038622889
619,-435058.59375,97.93095200683972
620,-433984.375,97.69839517950017
621,-432910.15625,97.39551058408367
622,-431835.9375,97.74974960162619
623,-430761.71875,98.08721015900296
624,-429687.5,97.72573004512387
625,-428613.28125,98.37854365642758
626,-427539.0625,99.26971875937636
627,-426464.84375,96.02744874260802
628,-425390.625,97.52381101888504
629,-424316.40625,98.68172592724424
630,-423242.1875,97.3230027876983
631,-422167.96875,95.7314959743686
632,-421093.75,96.78900243914627
633,-420019.53125,95.66498371598408
634,-418945.3125,95.857883053654
635,-417871.09375,97.59203052772273
636,-416796.875,96.93460285276907
637,-415722.65625,98.63418694273007
638,-414648.4375,97.32575213346077
639,-413574.21875,97.6165239788606
640,-412500.0,96.93911555633305
641,-411425.78125,96.92621058360113
642,-410351.5625,97.35205124208589
643,-409277.34375,97.76604765784786
644,-408203.125,97.0022667434061
645,-407128.90625,96.3151035518135
646,-406054.6875,97.49158805198174
647,-404980.46875,97.3865846940402
648,-403906.25,97.19662655967792
649,-402832.03125,97.80145709641185
650,-401757.8125,96.2852019783734
651,-400683.59375,95.87769409373139
652,-399609.375,96.93143364305351
653,-398535.15625,96.46480023285247
654,-397460.9375,96.07134528347808
655,-396386.71875,96.39610418401706
656,-395312.5,97.05956575472892
657,-394238.28125,96.27633381611818
658,-393164.0625,97.31745491260486
659,-392089.84375,96.1246950861363
660,-391015.625,95.24040183592624
661,-389941.40625,96.68211222194039
662,-388867.1875,96.11870897332071
663,-387792.96875,95.73758866656048
664,-386718.75,95.8431627243541
665,-385644.53125,94.33822799067292
666,-384570.3125,97.56490154196091
667,-383496.09375,93.48837264277714
668,-382421.875,97.91528948456482
669,-381347.65625,95.6283828940229
670,-380273.4375,97.36877845103976
671,-379199.21875,95.72281426115643
672,-378125.0,95.04283526860823
673,-377050.78125,95.52783046505755
674,-375976.5625,96.15450546158651
675,-374902.34375,95.00777586733287
676,-373828.125,95.56582500254032
677,-372753.90625,96.65961991313007
678,-371679.6875,96.26362311083174
679,-370605.46875,95.0841227856949
680,-369531.25,96.68414304007209
681,-368457.03125,96.1258513268192
682,-367382.8125,95.76790951747861
683,-366308.59375,96.24545317063249
684,-365234.375,93.94921720884048
685,-364160.15625,95.23456574616374
686,-363085.9375,96.28659365666793
687,-362011.71875,95.9687337718161
688,-360937.5,93.86731774090869
689,-359863.28125,97.24094758175283
690,-358789.0625,95.78978606821208
691,-357714.84375,95.39419253722694
692,-356640.625,95.6141444125145
693,-355566.40625,94.27792911755976
694,-354492.1875,96.37720975135666
695,-353417.96875,95.76193222227718
696,-352343.75,94.91312540242303
697,-351269.53125,96.08254836813887
698,-350195.3125,95.29617092642411
699,-349121.09375,96.22908175665981
700,-348046.875,95.9420064430637
701,-346972.65625,96.80315765684907
702,-345898.4375,96.74880198006535
703,-344824.21875,97.78782969561617
704,-343750.0,95.60245029877639
705,-342675.78125,95.78928626732623
706,-341601.5625,97.22044795525454
707,-340527.34375,96.38762350253087
708,-339453.125,96.07031329167691
709,-338378.90625,97.63235774038837
710,-337304.6875,95.68585230894655
711,-336230.46875,95.14110775246635
712,-335156.25,97.11047603960195
713,-334082.03125,94.85416813124054
714,-333007.8125,97.61688697176152
715,-331933.59375,97.28509569306924
716,-330859.375,96.51757759329726
717,-329785.15625,96.39629024226262
718,-328710.9375,96.4090106947593
719,-327636.71875,96.0425925810622
720,-326562.5,96.32180245595545
721,-325488.28125,97.7813363105033
722,-324414.0625,96.90788025528273
723,-323339.84375,96.95884479195817
724,-322265.625,95.86983434857073
725,-321191.40625,96.81710567151943
726,-320117.1875,97.45264666499708
727,-319042.96875,97.20345118094494
728,-317968.75,95.67455331618817
729,-316894.53125,95.78478111025733
730,-315820.3125,97.49032189881981
731,-314746.09375,97.99297133911861
732,-313671.875,97.67530882647483
733,-312597.65625,96.67954026505477
734,-311523.4375,95.52976205911011
735,-310449.21875,97.0453796066695
736,-309375.0,98.843978563766
737,-308300.78125,96.4815014727978
738,-307226.5625,96.18739572527039
739,-306152.34375,97.70121229346466
740,-305078.125,97.73327012243676
741,-304003.90625,96.98400904950907
742,-302929.6875,98.77087657778942
743,-301855.46875,97.84422642729439
744,-300781.25,97.37881885536062
745,-299707.03125,96.9456313151689
746,-298632.8125,95.82496828392584
747,-297558.59375,97.32359529531013
748,-296484.375,97.97955519535482
749,-295410.15625,97.5476870155889
750,-294335.9375,96.98850878310598
751,-293261.71875,95.33657304664044
752,-292187.5,96.94608498406376
753,-291113.28125,98.36061215214355
754,-290039.0625,98.44553473436766
755,-288964.84375,97.22630777081969
756,-287890.625,97.93370884963227
757,-286816.40625,97.54316223167473
758,-285742.1875,95.86785148672585
759,-284667.96875,97.85866722658264
760,-283593.75,98.13841568767728
761,-282519.53125,98.1000703224457
762,-281445.3125,99.02903188858751
763,-280371.09375,101.19682220537902
764,-279296.875,99.1976848803958
765,-278222.65625,98.09698601375565
766,-277148.4375,98.39335243504304
767,-276074.21875,100.13644336323958
768,-275000.0,99.4030978550424
769,-273925.78125,98.34815434680262
770,-272851.5625,98.31351722119248
771,-271777.34375,97.94177213239887
772,-270703.125,97.85502118738572
773,-269628.90625,99.452005293517
774,-268554.6875,97.44138170768504
775,-267480.46875,98.66535594062502
776,-266406.25,98.12957343891769
777,-265332.03125,98.8673260954348
778,-264257.8125,99.41719071611999
779,-263183.59375,96.83964746222914
780,-262109.375,99.10645224472363
781,-261035.15625,98.9119252460745
782,-259960.9375,96.86076085796084
783,-258886.71875,98.53198749414543
784,-257812.5,98.51778944797003
785,-256738.28125,96.76785403594383
786,-255664.0625,100.21849749067223
787,-254589.84375,99.57043492230213
788,-253515.625,100.03770823802819
789,-252441.40625,99.68389473320603
790,-251367.1875,100.01879490007035
791,-250292.96875,101.76652751773206
792,-249218.75,98.04481925170884
793,-248144.53125,100.44278402723378
794,-247070.3125,99.20815162953629
795,-245996.09375,98.27298766629983
796,-244921.875,99.68481645484282
797,-243847.65625,99.3566957047752
798,-242773.4375,100.40225819664592
799,-241699.21875,98.22464597712896
800,-240625.0,101.46705860645814
801,-239550.78125,100.24080380181633
802,-238476.5625,100.47228756541895
803,-237402.34375,100.47138848845759
804,-236328.125,100.37119306765427
805,-235253.90625,100.22804664691427
806,-234179.6875,100.09859967411009
807,-233105.46875,100.49778654074315
808,-232031.25,99.2023478335422
809,-230957.03125,100.58902205700095
810,-229882.8125,99.59017191086353
811,-228808.59375,100.0306418053643
812,-227734.375,102.51723444404006
813,-226660.15625,100.07240846928333
814,-225585.9375,100.99789579601529
815,-224511.71875,102.75026093323827
816,-223437.5,99.70565373089104
817,-222363.28125,101.76252667623645
818,-221289.0625,99.80949325012881
819,-220214.84375,101.65717838681341
820,-219140.625,101.28233280274256
821,-218066.40625,100.89695792189498
822,-216992.1875,99.71207857246844
823,-215917.96875,100.28872081389768
824,-214843.75,98.9486474916299
825,-213769.53125,100.91721449786823
826,-212695.3125,102.46358257203931
827,-211621.09375,101.71275673854343
828,-210546.875,99.95143372695294
829,-209472.65625,100.54786743704902
830,-208398.4375,101.11986953676715
831,-207324.21875,101.66135923567263
832,-206250.0,102.6156561960813
833,-205175.78125,102.72921031970955
834,-204101.5625,102.25470886621937
835,-203027.34375,102.47878489991567
836,-201953.125,102.17673138899566
837,-200878.90625,101.22067682224842
838,-199804.6875,102.79056822467322
839,-198730.46875,101.428938563772
840,-197656.25,103.29491187663743
841,-196582.03125,101.15361609245186
842,-195507.8125,101.1017410248492
843,-194433.59375,100.07162545968127
844,-193359.375,101.70415262367116
845,-192285.15625,101.1095218221983
846,-191210.9375,101.47083420219064
847,-190136.71875,104.74584403468613
848,-189062.5,103.1745195870859
849,-187988.28125,102.08194532636212
850,-186914.0625,102.6058837255288
851,-185839.84375,100.33468502222175
852,-184765.625,103.6158595441572
853,-183691.40625,103.63864867149556
854,-182617.1875,103.33308517720197
855,-181542.96875,102.30814815734422
856,-180468.75,104.44938456417273
857,-179394.53125,104.42771258111733
858,-178320.3125,104.58999211374004
859,-177246.09375,102.5981944266731
860,-176171.875,102.92341958594365
861,-175097.65625,104.68752358544533
862,-174023.4375,102.94700288276783
863,-172949.21875,102.89545005808425
864,-171875.0,102.82950930399775
865,-170800.78125,102.18532894332978
866,-169726.5625,102.42721863146122
867,-168652.34375,104.95199506327782
868,-167578.125,103.5000216414365
869,-166503.90625,103.77445203114823
870,-165429.6875,102.99298222512196
871,-164355.46875,101.17198558591055
872,-163281.25,104.9340400865114
873,-162207.03125,104.95768455531456
874,-161132.8125,103.72416872123776
875,-160058.59375,102.69519621728298
876,-158984.375,104.60476702245708
877,-157910.15625,104.01423737568702
878,-156835.9375,104.27143136878405
879,-155761.71875,104.82159375935326
880,-154687.5,107.60850499724539
881,-153613.28125,103.9995388788631
882,-152539.0625,106.7828745939663
883,-151464.84375,105.79850884223589
884,-150390.625,104.41025126557776
885,-149316.40625,102.86480433724199
886,-148242.1875,106.14455047592881
887,-147167.96875,104.5466789084694
888,-146093.75,105.25145710962391
889,-145019.53125,105.08694649964478
890,-143945.3125,105.2602659829034
891,-142871.09375,106.457908089166
892,-141796.875,106.38965406770183
893,-140722.65625,104.47373235651878
894,-139648.4375,106.83463839412875
895,-138574.21875,106.87442326382978
896,-137500.0,107.12834792164685
897,-136425.78125,106.12029640551664
898,-135351.5625,105.81829869372255
899,-134277.34375,105.41737190015519
900,-133203.125,105.6653518679867
901,-132128.90625,106.5629689451129
902,-131054.6875,106.20090296873467
903,-129980.46875,105.66409550476222
904,-128906.25,105.74840719674346
905,-127832.03125,106.04223376794474
906,-126757.8125,108.13964826674126
907,-125683.59375,105.84050336719945
908,-124609.375,105.61912363841671
909,-123535.15625,106.82153169759826
910,-122460.9375,106.13683281016392
911,-121386.71875,108.01853234659684
912,-120312.5,106.6688252432292
913,-119238.28125,105.83816859492963
914,-118164.0625,106.76135515363002
915,-117089.84375,108.59451445439274
916,-116015.625,106.83845418454925
917,-114941.40625,107.45227887900204
918,-113867.1875,107.44608785965235
919,-112792.96875,105.75436230105971
920,-111718.75,106.44821782130226
921,-110644.53125,109.38096202116569
922,-109570.3125,108.06135733573201
923,-108496.09375,105.40826796989562
924,-107421.875,108.16298340576391
925,-106347.65625,105.30729167756992
926,-105273.4375,107.91394134114124
927,-104199.21875,107.16516474073913
928,-103125.0,108.48085758303776
929,-102050.78125,107.7495520848758
930,-100976.5625,108.5636504163003
931,-99902.34375,106.6707370695437
932,-98828.125,107.89347088702468
933,-97753.90625,107.99898273351184
934,-96679.6875,107.4713438947879
935,-95605.46875,108.10971570850865
936,-94531.25,107.86855635936097
937,-93457.03125,108.7853161287757
938,-92382.8125,107.67168111615325
939,-91308.59375,108.33704752476515
940,-90234.375,111.74777321805647
941,-89160.15625,106.91684264579355
942,-88085.9375,108.18799336650467
943,-87011.71875,108.25358891503585
944,-85937.5,105.91591027372844
945,-84863.28125,108.30008463300553
946,-83789.0625,107.9162175032117
947,-82714.84375,110.64179497125473
948,-81640.625,109.34509342879406
949,-80566.40625,107.89750820092603
950,-79492.1875,106.96572740403596
951,-78417.96875,109.04414391236547
952,-77343.75,108.55238643452148
953,-76269.53125,108.65998339550781
954,-75195.3125,107.5731470212011
955,-74121.09375,110.38277460691356
956,-73046.875,107.45073903573952
957,-71972.65625,108.09904990037859
958,-70898.4375,108.21979646328862
959,-69824.21875,107.84972661860273
960,-68750.0,107.08648257160617
961,-67675.78125,108.68202909638408
962,-66601.5625,110.78867934949037
963,-65527.34375,110.19769359386547
964,-64453.125,107.38158521794635
965,-63378.90625,107.30620027976153
966,-62304.6875,110.19036425534475
967,-61230.46875,109.64114497037441
968,-60156.25,107.56148380033991
969,-59082.03125,109.89849808327104
970,-58007.8125,108.35321572040266
971,-56933.59375,108.75153392081245
972,-55859.375,108.4360206184052
973,-54785.15625,107.38120198461691
974,-53710.9375,109.25101679892505
975,-52636.71875,109.30367145911264
976,-51562.5,110.19109397900311
977,-50488.28125,109.20964551773999
978,-49414.0625,108.66247823505239
979,-48339.84375,110.0373467434249
980,-47265.625,109.76044804436762
981,-46191.40625,109.37963700677385
982,-45117.1875,110.35555050115387
983,-44042.96875,112.03006963172118
984,-42968.75,110.25246368159792
985,-41894.53125,108.74127683259393
986,-40820.3125,108.74693849363383
987,-39746.09375,109.8371051948013
988,-38671.875,107.66972250562846
989,-37597.65625,108.2599152539153
990,-36523.4375,110.80836854523942
991,-35449.21875,109.45643783677916
992,-34375.0,110.34079175855096
993,-33300.78125,110.43131720950049
994,-32226.5625,109.63651285932129
995,-31152.34375,109.25298355164402
996,-30078.125,108.24342123332939
997,-29003.90625,111.23972040226302
998,-27929.6875,109.8315185339565
999,-26855.46875,110.15072583862103
1000,-25781.25,111.14369407958624
1001,-24707.03125,109.32659979288867
1002,-23632.8125,109.39139668243527
1003,-22558.59375,108.71188659421308
1004,-21484.375,110.30208730808404
1005,-20410.15625,109.85933410184644
1006,-19335.9375,111.65369743149498
1007,-18261.71875,110.75777863035121
1008,-17187.5,111.1744915002344
1009,-16113.28125,112.27765329992963
1010,-15039.0625,111.38487877395731
1011,-13964.84375,108.64583588773182
1012,-12890.625,108.6428555142135
1013,-11816.40625,108.33144612988322
1014,-10742.1875,109.58120468390076
1015,-9667.96875,108.92070924473141
1016,-8593.75,108.16459896455349
1017,-7519.53125,110.42537873405898
1018,-6445.3125,110.11604575020894
1019,-5371.09375,108.00003403191346
1020,-4296.875,109.26716934213594
1021,-3222.65625,107.51547165926736
1022,-2148.4375,109.44290176320902
1023,-1074.21875,110.94034841980164
1024,0.0,117.23817737941933
1025,1074.21875,111.55546564345318
1026,2148.4375,110.16587365540501
1027,3222.65625,109.95301237644958
1028,4296.875,108.4989586025224
1029,5371.09375,107.34353760587217
1030,6445.3125,109.2380205241421
1031,7519.53125,109.8685165090406
1032,8593.75,108.40076480907956
1033,9667.96875,107.92696297285661
1034,10742.1875,107.14068500814496
1035,11816.40625,108.8457007049483
1036,12890.625,109.63827394751618
1037,13964.84375,111.10878640045344
1038,15039.0625,110.74803554237172
1039,16113.28125,109.20518184851596
1040,17187.5,109.80226393060546
1041,18261.71875,110.34995163512754
1042,19335.9375,108.04576039898465
1043,20410.15625,109.69992424110995
1044,21484.375,111.63673315569784
1045,22558.59375,109.52311088924073
1046,23632.8125,109.33177982137822
1047,24707.03125,107.95358170101917
1048,25781.25,106.86924709060989
1049,26855.46875,106.1482797612146
1050,27929.6875,108.3788918297687
1051,29003.90625,110.95649977166384
1052,30078.125,110.0145098974915
1053,31152.34375,110.92781398373873
1054,32226.5625,108.44686786203023
1055,33300.78125,108.73459747883146
1056,34375.0,107.62080347314104
1057,35449.21875,108.45941165377597
1058,36523.4375,108.3567834243739
1059,37597.65625,109.33857338941746
1060,38671.875,110.30057827576746
1061,39746.09375,110.42298922454573
1062,40820.3125,106.5493181068696
1063,41894.53125,108.12403826923828
1064,42968.75,108.21782597226282
1065,44042.96875,109.09277738054446
1066,45117.1875,108.88771115483392
1067,46191.40625,108.37174883198382
1068,47265.625,110.06818654624622
1069,48339.84375,107.71005194448594
1070,49414.0625,106.75914146832065
1071,50488.28125,109.00295546093545
1072,51562.5,109.04063145460337
1073,52636.71875,110.34260363855408
1074,53710.9375,107.8018460772678
1075,54785.15625,108.60325396633242
1076,55859.375,109.8871879998517
1077,56933.59375,106.76784769222937
1078,58007.8125,108.05351341865718
1079,59082.03125,109.10119287084942
1080,60156.25,109.3666867597754
1081,61230.46875,109.16094898582838
1082,62304.6875,106.05920070755668
1083,63378.90625,108.47370680498825
1084,64453.125,107.01701473606602
1085,65527.34375,106.53770982054132
1086,66601.5625,107.73270814040745
1087,67675.78125,108.68381232458808
1088,68750.0,106.78112800106318
1089,69824.21875,109.96882216609062
1090,70898.4375,108.62268729359494
1091,71972.65625,106.90210183086086
1092,73046.875,107.19372033468049
1093,74121.09375,106.19074398550629
1094,75195.3125,107.80560645463252
1095,76269.53125,109.18671202412155
1096,77343.75,107.06192365594197
1097,78417.96875,108.85609949476935
1098,79492.1875,108.63135153597798
1099,80566.40625,107.20201865223069
1100,81640.625,107.53372579264946
1101,82714.84375,106.40128906292487
1102,83789.0625,108.73462979755735
1103,84863.28125,108.81929609809434
1104,85937.5,106.85171811148315
1105,87011.71875,107.2353792206413
1106,88085.9375,108.30117829894533
1107,89160.15625,106.34062520734442
1108,90234.375,108.03245227061447
1109,91308.59375,106.25241175071206
1110,92382.8125,108.86170234999834
1111,93457.03125,106.1870299931209
1112,94531.25,108.53430431978272
1113,95605.46875,105.04258751612166
1114,96679.6875,105.0432409107073
1115,97753.90625,106.79247075618929
1116,98828.125,107.83680812972581
1117,99902.34375,105.12576977597384
1118,100976.5625,107.23216726381236
1119,102050.78125,105.7195117369481
1120,103125.0,104.8520036601645
1121,104199.21875,105.23321079064853
1122,105273.4375,105.9896709246223
1123,106347.65625,105.17016648109858
1124,107421.875,107.6033488715026
1125,108496.09375,107.01188381504977
1126,109570.3125,104.87394310725374
1127,110644.53125,106.71975770768191
1128,111718.75,104.98869036297337
1129,112792.96875,102.16088023234063
1130,113867.1875,104.9209078886997
1131,114941.40625,103.91608750113942
1132,116015.625,107.10027274699439
1133,117089.84375,104.94174648618262
1134,118164.0625,107.41478088630734
1135,119238.28125,106.75084709397987
1136,120312.5,104.76872289756675
1137,121386.71875,103.84940434937792
1138,122460.9375,106.26548027218907
1139,123535.15625,104.17280023650699
1140,124609.375,104.81799461268382
1141,125683.59375,103.37128730709195
1142,126757.8125,103.09636468471257
1143,127832.03125,105.9023917061318
1144,128906.25,103.70260154473706
1145,129980.46875,105.25211636374262
1146,131054.6875,104.53641950554277
1147,132128.90625,104.99594927775075
1148,133203.125,103.99604709119595
1149,134277.34375,103.554815962055
1150,135351.5625,104.04957232387873
1151,136425.78125,103.30129324114336
1152,137500.0,104.11531361059498
1153,138574.21875,103.9670760602977
1154,139648.4375,104.35870455461364
1155,140722.65625,105.4721912000013
1156,141796.875,104.26276988183281
1157,142871.09375,104.25482861223169
1158,143945.3125,103.33415575411608
1159,145019.53125,105.18081295443403
1160,146093.75,103.22533854758953
1161,147167.96875,103.44719017258133
1162,148242.1875,103.38176463595347
1163,149316.40625,102.71371693060507
1164,150390.625,104.60559299844972
1165,151464.84375,102.99934910231404
1166,152539.0625,105.57377308171084
1167,153613.28125,105.43696629229062
1168,154687.5,101.78729525983489
1169,155761.71875,103.58967468987977
1170,156835.9375,102.70260428570735
1171,157910.15625,103.86753596417327
1172,158984.375,101.67651807256779
1173,160058.59375,102.2623586157864
1174,161132.8125,102.72133551394991
1175,162207.03125,103.6784458606341
1176,163281.25,103.05408875820099
1177,164355.46875,103.67900732695058
1178,165429.6875,101.22676693097824
1179,166503.90625,103.17526689320027
1180,167578.125,101.09735038054625
1181,168652.34375,103.10331908541997
1182,169726.5625,102.33097058850583
1183,170800.78125,101.03099114977132
1184,171875.0,102.6779657914493
1185,172949.21875,101.61557322065282
1186,174023.4375,102.12635923958179
1187,175097.65625,102.46210062627192
1188,176171.875,102.57128685311015
1189,177246.09375,101.36893101241633
1190,178320.3125,102.17292245363782
1191,179394.53125,101.56308972317116
1192,180468.75,99.82666633781488
1193,181542.96875,99.8399542183775
1194,182617.1875,102.21395851324988
1195,183691.40625,101.52985734174203
1196,184765.625,100.60112307234807
1197,185839.84375,101.21059034217676
1198,186914.0625,101.55643389436572
1199,187988.28125,100.52228744069919
1200,189062.5,99.4623679045354
1201,190136.71875,99.72999228503545
1202,191210.9375,101.98006832199788
1203,192285.15625,99.64810580875313
1204,193359.375,99.8392237942848
1205,194433.59375,101.27619328448658
1206,195507.8125,100.4434803876599
1207,196582.03125,100.83265619774649
1208,197656.25,98.70290397698218
1209,198730.46875,102.25434659479068
1210,199804.6875,100.51009001232872
1211,200878.90625,98.87692481398456
1212,201953.125,100.16562219772622
1213,203027.34375,97.17265154125933
1214,204101.5625,98.23106195268147
1215,205175.78125,98.51808336088506
1216,206250.0,99.93436171925605
1217,207324.21875,99.67611409949312
1218,208398.4375,101.45322221105064
1219,209472.65625,98.26940895876851
1220,210546.875,99.42574012701584
1221,211621.09375,99.89441854203419
1222,212695.3125,100.8048545040933
1223,213769.53125,100.65046154708402
1224,214843.75,100.08384320851916
1225,215917.96875,100.45247031165262
1226,216992.1875,98.35387525344403
1227,218066.40625,100.99709842822274
1228,219140.625,99.7257586156832
1229,220214.84375,98.72830693091495
1230,221289.0625,98.38874748100362
1231,222363.28125,98.66285147660265
1232,223437.5,98.97651168120515
1233,224511.71875,99.28463554898934
1234,225585.9375,99.34314176147615
1235,226660.15625,96.59089402450908
1236,227734.375,98.75083104173048
1237,228808.59375,98.14339575642742
1238,229882.8125,97.96412840073373
1239,230957.03125,98.28272808954873
1240,232031.25,98.52508106423544
1241,233105.46875,99.92031076191702
1242,234179.6875,97.42906722438613
1243,235253.90625,97.11152746285688
1244,236328.125,98.92558517907892
1245,237402.34375,95.7197063796497
1246,238476.5625,96.51000013670138
1247,239550.78125,96.29309801544282
1248,240625.0,98.03508217412084
1249,241699.21875,97.09091285131022
1250,242773.4375,98.02744757630244
1251,243847.65625,99.40821185551575
1252,244921.875,96.53119862189516
1253,245996.09375,97.74580396168912
1254,247070.3125,98.02961776787737
1255,248144.53125,98.71862260727525
1256,249218.75,96.01057852249392
1257,250292.96875,95.29260812153994
1258,251367.1875,97.73911591786421
1259,252441.40625,95.86973724204232
1260,253515.625,96.38021585042827
1261,254589.84375,96.7075212484881
1262,255664.0625,97.73705622925019
1263,256738.28125,94.81817401770215
1264,257812.5,96.63330523256198
1265,258886.71875,96.83669062437492
1266,259960.9375,95.9273605011046
1267,261035.15625,96.04151695400991
1268,262109.375,97.39676863755092
1269,263183.59375,96.19763994392265
1270,264257.8125,96.68890581148159
1271,265332.03125,95.36647403817203
1272,266406.25,96.26488192362882
1273,267480.46875,96.16837186344733
1274,268554.6875,96.56143383995874
1275,269628.90625,95.994818567035
1276,270703.125,95.97519694823688
1277,271777.34375,97.6071027967308
1278,272851.5625,94.8743538832284
1279,273925.78125,97.11515312493557
1280,275000.0,94.36034505144696
1281,276074.21875,95.80932141126351
1282,277148.4375,95.63049593566564
1283,278222.65625,95.87510519194677
1284,279296.875,96.52950479294613
1285,280371.09375,96.35334433733456
1286,281445.3125,95.36049323038995
1287,282519.53125,95.2596089777557
1288,283593.75,94.24036147578227
1289,284667.96875,95.69169011663162
1290,285742.1875,94.27347106035049
1291,286816.40625,96.63370719176629
1292,287890.625,93.86467873480927
1293,288964.84375,96.22339952361722
1294,290039.0625,94.62135050078913
1295,291113.28125,96.72552098799436
1296,292187.5,94.33969069942658
1297,293261.71875,95.4836714039559
1298,294335.9375,93.73388009108379
1299,295410.15625,95.93035472136746
1300,296484.375,95.21223519884867
1301,297558.59375,95.74367099525851
1302,298632.8125,95.38330690710471
1303,299707.03125,94.94381613252615
1304,300781.25,95.71215661585177
1305,301855.46875,96.09393145511032
1306,302929.6875,94.80761878776576
1307,304003.90625,95.28675067567588
1308,305078.125,95.49104547856741
1309,306152.34375,95.18763582965039
1310,307226.5625,93.82322908592474
1311,308300.78125,94.44058934694175
1312,309375.0,92.83378847588551
1313,310449.21875,95.84479073372263
1314,311523.4375,95.20424227759923
1315,312597.65625,94.59480028524399
1316,313671.875,93.73581344475953
1317,314746.09375,95.26066558392522
1318,315820.3125,93.58130117749295
1319,316894.53125,93.31853837964809
1320,317968.75,94.78064141176597
1321,319042.96875,93.18429423214621
1322,320117.1875,94.39565011234384
1323,321191.40625,95.54963006421347
1324,322265.625,95.20789194393559
1325,323339.84375,94.96637306597137
1326,324414.0625,93.73572388725948
1327,325488.28125,95.30523101293704
1328,326562.5,92.73250678102835
1329,327636.71875,93.9149010674181
1330,328710.9375,95.20939615446882
1331,329785.15625,93.88103503516912
1332,330859.375,95.31054983032274
1333,331933.59375,94.11634605816835
1334,333007.8125,94.20879912827209
1335,334082.03125,94.19024978582881
1336,335156.25,96.30453712510267
1337,336230.46875,94.29454572765131
1338,337304.6875,93.04836889659542
1339,338378.90625,93.69087213176269
1340,339453.125,95.79029804787007
1341,340527.34375,93.81954626001587
1342,341601.5625,95.36254846121317
1343,342675.78125,93.6544615545566
1344,343750.0,94.70753823607285
1345,344824.21875,95.24094265342092
1346,345898.4375,93.25356314608486
1347,346972.65625,92.99834370995099
1348,348046.875,92.55908672028195
1349,349121.09375,95.5925185594755
1350,350195.3125,93.88222289468145
1351,351269.53125,91.77645046682927
1352,352343.75,92.43870987781867
1353,353417.96875,92.90372415614563
1354,354492.1875,94.21396988144393
1355,355566.40625,94.41658768692702
1356,356640.625,93.54168908443488
1357,357714.84375,93.0884811724155
1358,358789.0625,92.97504449051142
1359,359863.28125,93.44653342309444
1360,360937.5,93.71381976203007
1361,362011.71875,92.98646206687621
1362,363085.9375,93.25240982721532
1363,364160.15625,94.0773488932193
1364,365234.375,93.46282326043357
1365,366308.59375,94.36601110581952
1366,367382.8125,93.38651457104766
1367,368457.03125,93.04763875653028
1368,369531.25,94.44396719330145
1369,370605.46875,94.5644679392805
1370,371679.6875,91.82852696782801
1371,372753.90625,92.8188664891521
1372,373828.125,94.22281250698651
1373,374902.34375,94.38135784425636
1374,375976.5625,94.4561224417749
1375,377050.78125,93.84358237484193
1376,378125.0,93.38354325666563
1377,379199.21875,93.54333065870154
1378,380273.4375,93.29414039495012
1379,381347.65625,93.38152232495607
1380,382421.875,92.56194808334284
1381,383496.09375,93.72221015816783
1382,384570.3125,93.62647683489472
1383,385644.53125,93.77951548689548
1384,386718.75,94.5487249398579
1385,387792.96875,94.53636767799505
1386,388867.1875,92.27062836942818
1387,389941.40625,93.17376267782184
1388,391015.625,94.32296561664371
1389,392089.84375,93.60313952185435
1390,393164.0625,93.33354734659252
1391,394238.28125,92.68215937648203
1392,395312.5,94.34213655277713
1393,396386.71875,94.03103906377528
1394,397460.9375,93.49322578421005
1395,398535.15625,93.94476615185991
1396,399609.375,93.80263599819098
1397,400683.59375,93.1784100465197
1398,401757.8125,93.88294849377452
1399,402832.03125,93.71970602242949
1400,403906.25,91.65352805924358
1401,404980.46875,95.36554795907942
1402,406054.6875,93.20440827997977
1403,407128.90625,94.50198908211881
1404,408203.125,92.59108363435482
1405,409277.34375,92.79181560639738
1406,410351.5625,94.76504989832125
1407,411425.78125,93.0404106377857
1408,412500.0,95.53384295476023
1409,413574.21875,94.19856410083318
1410,414648.4375,93.53972211479429
1411,415722.65625,94.32586701314781
1412,416796.875,94.16223076068522
1413,417871.09375,92.96639835288815
1414,418945.3125,94.67814953062233
1415,420019.53125,92.05307991832386
1416,421093.75,93.71252853329707
1417,422167.96875,94.3981294835255
1418,423242.1875,94.00490210152022
1419,424316.40625,92.35051271679339
1420,425390.625,91.51068488144918
1421,426464.84375,93.692906155396
1422,427539.0625,95.19716343585426
1423,428613.28125,92.90052003889977
1424,429687.5,93.91506330893893
1425,430761.71875,94.47899475907744
1426,431835.9375,93.8961432583099
1427,432910.15625,93.49821816220786
1428,433984.375,95.06307971613231
1429,435058.59375,93.39798861436861
1430,436132.8125,94.0911978616331
1431,437207.03125,94.47830001040685
1432,438281.25,94.7699121623484
1433,439355.46875,96.18174651048108
1434,440429.6875,96.96437303984258
1435,441503.90625,95.32774990344717
1436,442578.125,93.67658000717589
1437,443652.34375,94.31471721898184
1438,444726.5625,95.24638995527157
1439,445800.78125,94.54058985198057
1440,446875.0,93.46546539311781
1441,447949.21875,95.86800600275198
1442,449023.4375,94.7998040771834
1443,450097.65625,95.77401171997487
1444,451171.875,93.80047054322971
1445,452246.09375,96.09868300929692
1446,453320.3125,94.69563445888456
1447,454394.53125,94.51639323953717
1448,455468.75,95.80201413007569
1449,456542.96875,95.29485773113228
1450,457617.1875,93.0120004452416
1451,458691.40625,95.60088153783884
1452,459765.625,97.58005523520471
1453,460839.84375,94.97947448378153
1454,461914.0625,95.34251428831051
1455,462988.28125,95.03010309895637
1456,464062.5,94.17008073204534
1457,465136.71875,93.9877148435228
1458,466210.9375,95.15708389814975
1459,467285.15625,95.77539278214877
1460,468359.375,93.58602346543083
1461,469433.59375,95.346663499037
1462,470507.8125,96.12026314432367
1463,471582.03125,95.59975543926733
1464,472656.25,95.60987650613475
1465,473730.46875,94.93256929173899
1466,474804.6875,96.07128026753958
1467,475878.90625,96.28038945241659
1468,476953.125,96.87076098477179
1469,478027.34375,98.02206670089254
1470,479101.5625,96.34313780148503
1471,480175.78125,95.97435088955366
1472,481250.0,94.94534210789689
1473,482324.21875,96.18437389944734
1474,483398.4375,95.79208086587582
1475,484472.65625,96.11372292905021
1476,485546.875,95.16049243744303
1477,486621.09375,98.56332560106027
1478,487695.3125,96.6010516130343
1479,488769.53125,94.73091518289999
1480,489843.75,97.66550281866891
1481,490917.96875,97.84925785380864
1482,491992.1875,97.31318519232133
1483,493066.40625,97.22987756451572
1484,494140.625,95.65850133217194
1485,495214.84375,98.64446288081197
1486,496289.0625,97.41572627555747
1487,497363.28125,96.11909811335637
1488,498437.5,95.2091082309327
1489,499511.71875,96.3182017077738
1490,500585.9375,97.26261830565252
1491,501660.15625,96.95822419857933
1492,502734.375,94.53779629783152
1493,503808.59375,94.89294750861035
1494,504882.8125,97.47169276038228
1495,505957.03125,98.21465536845645
1496,507031.25,97.46942742411413
1497,508105.46875,97.92818606938629
1498,509179.6875,97.12506565555452
1499,510253.90625,98.57360898502859
1500,511328.125,98.39760642713073
1501,512402.34375,96.74565805243434
1502,513476.5625,96.7986395816709
1503,514550.78125,97.25699353447635
1504,515625.0,97.28708537643539
1505,516699.21875,98.0062309935666
1506,517773.4375,98.17326428479053
1507,518847.65625,99.61830418866846
1508,519921.875,98.35734498801448
1509,520996.09375,97.47891462685216
1510,522070.3125,97.97655783716068
1511,523144.53125,97.43130813206545
1512,524218.75,96.83194577730897
1513,525292.96875,98.72817245605702
1514,526367.1875,98.7031604161582
1515,527441.40625,98.4347669721662
1516,528515.625,97.26134391640333
1517,529589.84375,99.28942335983722
1518,530664.0625,99.29435952843322
1519,531738.28125,99.662203573753
1520,532812.5,100.98961896149102
1521,533886.71875,99.1237708911367
1522,534960.9375,98.6228507849103
1523,536035.15625,99.03151443587774
1524,537109.375,99.10138401471848
1525,538183.59375,98.58089105832352
1526,539257.8125,99.02060650717887
1527,540332.03125,99.14042860132156
1528,541406.25,98.63300832800158
1529,542480.46875,99.4682410912161
1530,543554.6875,97.07577695065945
1531,544628.90625,99.58062257147726
1532,545703.125,99.74413704245534
1533,546777.34375,98.70676794438087
1534,547851.5625,100.61753558492936
1535,548925.78125,99.75423864178228
1536,550000.0,99.45856972242315
1537,551074.21875,100.18502340932854
1538,552148.4375,99.7387059192767
1539,553222.65625,100.01975013387944
1540,554296.875,99.28293994404147
1541,555371.09375,101.37333081313918
1542,556445.3125,99.73304704715066
1543,557519.53125,100.56763440251186
1544,558593.75,100.55667461454313
1545,559667.96875,100.77485307105084
1546,560742.1875,98.81823627882837
1547,561816.40625,99.13295271490138
1548,562890.625,101.83263872128263
1549,563964.84375,100.00752186908187
1550,565039.0625,100.67239344587442
1551,566113.28125,101.29007819688034
1552,567187.5,100.29241713942673
1553,568261.71875,99.50132506068043
1554,569335.9375,102.11917992358332
1555,570410.15625,101.06172563628377
1556,571484.375,101.52576610804118
1557,572558.59375,101.20043458977004
1558,573632.8125,103.41276324233309
1559,574707.03125,100.73822955939852
1560,575781.25,101.24947400559144
1561,576855.46875,102.80087783544596
1562,577929.6875,101.73923780382553
1563,579003.90625,101.42719665490952
1564,580078.125,101.31398316710896
1565,581152.34375,101.12186064064153
1566,582226.5625,102.97944526715881
1567,583300.78125,102.49068128701914
1568,584375.0,102.3944010397733
1569,585449.21875,101.1918734696275
1570,586523.4375,100.30788883945489
1571,587597.65625,101.87037978096942
1572,588671.875,102.41048948040272
1573,589746.09375,99.28711339647326
1574,590820.3125,100.12137150919222
1575,591894.53125,101.87083892605807
1576,592968.75,103.00699436136968
1577,594042.96875,102.37344950822126
1578,595117.1875,102.2629288818455
1579,596191.40625,103.30342691931979
1580,597265.625,101.96087622434118
1581,598339.84375,101.27864536254653
1582,599414.0625,103.40457631913483
1583,600488.28125,101.22707335418853
1584,601562.5,100.84431449355135
1585,602636.71875,100.86469865369997
1586,603710.9375,102.91645820754839
1587,604785.15625,102.71729727215784
1588,605859.375,101.52878402365994
1589,606933.59375,101.85541515687319
1590,608007.8125,102.01389316210211
1591,609082.03125,102.33917490043359
1592,610156.25,103.83873821368172
1593,611230.46875,104.03209856292862
1594,612304.6875,103.0627104407519
1595,613378.90625,103.98226889364989
1596,614453.125,103.0642476790897
1597,615527.34375,104.22581887312494
1598,616601.5625,102.87975993789019
1599,617675.78125,102.79275661949369
1600,618750.0,102.6262528612272
1601,619824.21875,104.00323947156748
1602,620898.4375,104.72985471029936
1603,621972.65625,101.3406743904493
1604,623046.875,103.74304671369656
1605,624121.09375,103.63557626457214
1606,625195.3125,102.68786480070706
1607,626269.53125,103.01456429843125
1608,627343.75,103.74309549426714
1609,628417.96875,104.53216932908879
1610,629492.1875,104.43408501828607
1611,630566.40625,103.79956780760551
1612,631640.625,103.51850550103849
1613,632714.84375,104.39681405281877
1614,633789.0625,103.96443674709153
1615,634863.28125,103.3358800672378
1616,635937.5,104.30779568605627
1617,637011.71875,103.04200544385992
1618,638085.9375,104.56879902205951
1619,639160.15625,104.29723870257234
1620,640234.375,103.4077641202936
1621,641308.59375,103.01480282087493
1622,642382.8125,103.5801295233281
1623,643457.03125,103.35393760391837
1624,644531.25,104.66033787158725
1625,645605.46875,103.91159518673892
1626,646679.6875,104.26014549642986
1627,647753.90625,103.46503542288283
1628,648828.125,104.7405988569533
1629,649902.34375,103.10642843659039
1630,650976.5625,103.3899500939317
1631,652050.78125,105.0247068229063
1632,653125.0,103.69709263334647
1633,654199.21875,103.8783850386115
1634,655273.4375,104.95013552627887
1635,656347.65625,104.2556311167725
1636,657421.875,104.04132728283659
1637,658496.09375,105.7377148341819
1638,659570.3125,105.79144353909352
1639,660644.53125,105.15209098159424
1640,661718.75,105.60895291379856
1641,662792.96875,105.68125689263958
1642,663867.1875,103.84344838121238
1643,664941.40625,105.19380221467522
1644,666015.625,103.79779787861233
1645,667089.84375,103.30562081881483
1646,668164.0625,102.56317031309544
1647,669238.28125,104.7583448819901
1648,670312.5,102.5526431491297
1649,671386.71875,105.32880695602613
1650,672460.9375,104.56216998927746
1651,673535.15625,105.03763990983768
1652,674609.375,105.96222302583922
1653,675683.59375,104.19703192366018
1654,676757.8125,103.26107754500138
1655,677832.03125,105.66693683790243
1656,678906.25,103.77496054074216
1657,679980.46875,103.71014119944022
1658,681054.6875,105.53009712691991
1659,682128.90625,103.89970650164182
1660,683203.125,104.24917793838539
1661,684277.34375,102.72125629368706
1662,685351.5625,105.37111871021742
1663,686425.78125,105.0207069601083
1664,687500.0,103.36457466326495
1665,688574.21875,103.27560061574499
1666,689648.4375,104.26990656160812
1667,690722.65625,104.7858978277274
1668,691796.875,102.95515427112603
1669,692871.09375,103.4259391802511
1670,693945.3125,104.80806466584367
1671,695019.53125,104.08303738097906
1672,696093.75,104.61538005499582
1673,697167.96875,103.65285260066132
1674,698242.1875,104.65199854346335
1675,699316.40625,104.70435030968906
1676,700390.625,103.24355030697217
1677,701464.84375,103.29008219984634
1678,702539.0625,102.62404864336787
1679,703613.28125,104.52453042830905
1680,704687.5,101.14671538720233
1681,705761.71875,104.62558358290504
1682,706835.9375,103.95881463860987
1683,707910.15625,104.13037909732714
1684,708984.375,105.61445327655966
1685,710058.59375,104.06908858564493
1686,711132.8125,101.64931599314994
1687,712207.03125,103.02563223659315
1688,713281.25,103.9540865700878
1689,714355.46875,102.0842187568424
1690,715429.6875,103.65914303692153
1691,716503.90625,103.64860044076337
1692,717578.125,102.10836591086111
1693,718652.34375,102.47986947080982
1694,719726.5625,103.48314296441988
1695,720800.78125,101.76725129865886
1696,721875.0,103.26794816455187
1697,722949.21875,102.23356138902912
1698,724023.4375,102.50394117345166
1699,725097.65625,100.70745623845788
1700,726171.875,102.34001791450882
1701,727246.09375,102.73336338462433
1702,728320.3125,101.47434467248236
1703,729394.53125,103.56960240227683
1704,730468.75,103.34472992465612
1705,731542.96875,102.05293361132433
1706,732617.1875,101.16329465928158
1707,733691.40625,98.70077497986594
1708,734765.625,101.04743422594917
1709,735839.84375,100.50682444450428
1710,736914.0625,100.34437447909104
1711,737988.28125,99.95339834675421
1712,739062.5,102.4917329725545
1713,740136.71875,101.42894876324301
1714,741210.9375,101.24110234879223
1715,742285.15625,100.39141252791539
1716,743359.375,98.3457434543718
1717,744433.59375,100.0061222946229
1718,745507.8125,100.73141588345455
1719,746582.03125,101.59085808969941
1720,747656.25,100.75574611044586
1721,748730.46875,100.28827885468478
1722,749804.6875,99.51329937979561
1723,750878.90625,99.0128008329705
1724,751953.125,99.82451305100355
1725,753027.34375,100.62873281942362
1726,754101.5625,101.42335688449825
1727,755175.78125,99.66575013736673
1728,756250.0,99.66501094045117
1729,757324.21875,98.96989669639389
1730,758398.4375,101.61663192532613
1731,759472.65625,99.53408569754532
1732,760546.875,99.08410447582554
1733,761621.09375,99.34003075057761
1734,762695.3125,99.9223341055246
1735,763769.53125,96.85908947233462
1736,764843.75,99.13181713631056
1737,765917.96875,98.46708031142705
1738,766992.1875,97.49719237549563
1739,768066.40625,98.59279084194463
1740,769140.625,96.57622752594115
1741,770214.84375,98.64501779092703
1742,771289.0625,95.71728819013094
1743,772363.28125,98.83626241395105
1744,773437.5,96.22471641048709
1745,774511.71875,98.53939942743662
1746,775585.9375,98.97983141623492
1747,776660.15625,96.82346444578874
1748,777734.375,96.80830772444189
1749,778808.59375,96.64675277074117
1750,779882.8125,96.22385697227404
1751,780957.03125,95.60727182314677
1752,782031.25,95.44964015817706
1753,783105.46875,96.11756166867778
1754,784179.6875,96.1287180978787
1755,785253.90625,95.79900941763769
1756,786328.125,96.01239150186956
1757,787402.34375,94.99224087918475
1758,788476.5625,96.12393753553282
1759,789550.78125,95.5509698452958
1760,790625.0,95.60901448070146
1761,791699.21875,96.16970803953969
1762,792773.4375,94.9671609734792
1763,793847.65625,94.28808137205952
1764,794921.875,94.5412664397712
1765,795996.09375,92.97613630470768
1766,797070.3125,95.20627972169478
1767,798144.53125,95.04967046487972
1768,799218.75,95.38736487840909
1769,800292.96875,94.11045969066424
1770,801367.1875,94.33210068756426
1771,802441.40625,94.09952313599032
1772,803515.625,93.87440896828242
1773,804589.84375,92.50663422020158
1774,805664.0625,93.34917579329401
1775,806738.28125,92.10547562692894
1776,807812.5,92.86892068625782
1777,808886.71875,92.46184834345206
1778,809960.9375,92.18914204431853
1779,811035.15625,92.01703334116222
1780,812109.375,92.32163789799102
1781,813183.59375,91.0578089305249
1782,814257.8125,91.30393713995866
1783,815332.03125,90.26859064350072
1784,816406.25,90.65601945793676
1785,817480.46875,90.82428621150936
1786,818554.6875,90.39207706048651
1787,819628.90625,90.72874279234712
1788,820703.125,89.79166986304278
1789,821777.34375,88.51247525087787
1790,822851.5625,89.00359478578466
1791,823925.78125,87.1392352274822
1792,825000.0,90.47121008124581
1793,826074.21875,87.63647515971648
1794,827148.4375,89.64012272918896
1795,828222.65625,88.60776263455561
1796,829296.875,88.51743554203723
1797,830371.09375,86.55552532959774
1798,831445.3125,86.83022540478267
1799,832519.53125,88.30985674862802
1800,833593.75,87.7471484341207
1801,834667.96875,88.39927557593504
1802,835742.1875,87.11255687239141
1803,836816.40625,87.27539546790416
1804,837890.625,86.91689376430884
1805,838964.84375,86.01240321587109
1806,840039.0625,86.30121918298238
1807,841113.28125,86.03035192472325
1808,842187.5,85.82264121431497
1809,843261.71875,85.82425125158086
1810,844335.9375,82.98774024051058
1811,845410.15625,83.80143578322836
1812,846484.375,83.84249568471513
1813,847558.59375,83.48196933210346
1814,848632.8125,83.2410699359635
1815,849707.03125,82.87665502020769
1816,850781.25,84.2022168121915
1817,851855.46875,83.41096345530379
1818,852929.6875,82.5029168250128
1819,854003.90625,83.09586594811852
1820,855078.125,83.28657556332062
1821,856152.34375,83.0279056914056
1822,857226.5625,82.01283227253704
1823,858300.78125,81.12916775999696
1824,859375.0,82.6338547581927
1825,860449.21875,79.8475931986532
1826,861523.4375,81.06175000815527
1827,862597.65625,81.87211282513317
1828,863671.875,81.19184867895859
1829,864746.09375,80.28617418111165
1830,865820.3125,79.18405182547856
1831,866894.53125,77.99008285767164
1832,867968.75,78.28440929691838
1833,869042.96875,81.08232702783454
1834,870117.1875,79.89410698579982
1835,871191.40625,79.12485675931411
1836,872265.625,78.07867641745385
1837,873339.84375,77.58277297854576
1838,874414.0625,78.41437501780563
1839,875488.28125,77.31967787634755
1840,876562.5,78.62398598058677
1841,877636.71875,77.17822653413215
1842,878710.9375,76.000246413434
1843,879785.15625,77.71395615571687
1844,880859.375,77.15872250007833
1845,881933.59375,76.2599531475297
1846,883007.8125,76.13574238617328
1847,884082.03125,76.92440454359587
1848,885156.25,77.13347380780863
1849,886230.46875,76.36309051068307
1850,887304.6875,75.68584916592934
1851,888378.90625,76.52635674951576
1852,889453.125,75.92898313893315
1853,890527.34375,75.80285845653422
1854,891601.5625,74.8017979075247
1855,892675.78125,74.34280944690946
1856,893750.0,74.31595374991252
1857,894824.21875,75.31351893685523
1858,895898.4375,75.39831885523627
1859,896972.65625,74.78971739638872
1860,898046.875,74.01509873832434
1861,899121.09375,73.20718113271283
1862,900195.3125,72.86133628586623
1863,901269.53125,73.03981573930172
1864,902343.75,73.59437339052668
1865,903417.96875,71.1469615101492
1866,904492.1875,73.13537150257717
1867,905566.40625,71.56693044795647
1868,906640.625,71.51011374507382
1869,907714.84375,71.09541392698127
1870,908789.0625,70.61207458126574
1871,909863.28125,69.7156641539343
1872,910937.5,69.53562245006636
1873,912011.71875,69.56611934615742
1874,913085.9375,68.09996475158135
1875,914160.15625,67.83595618481864
1876,915234.375,69.61497990281605
1877,916308.59375,68.83333061382285
1878,917382.8125,68.62657667263295
1879,918457.03125,67.00592011381934
1880,919531.25,67.17481314908646
1881,920605.46875,68.56286180723578
1882,921679.6875,67.11028491280238
1883,922753.90625,65.69785857739242
1884,923828.125,65.81716100328825
1885,924902.34375,65.63308756647761
1886,925976.5625,64.70395037604517
1887,927050.78125,64.74541387975773
1888,928125.0,64.36209573629122
1889,929199.21875,66.18039761450017
1890,930273.4375,63.361009900831256
1891,931347.65625,63.17223449178593
1892,932421.875,63.84688303175701
1893,933496.09375,64.17524692331257
1894,934570.3125,63.55157694271454
1895,935644.53125,62.497784874432654
1896,936718.75,62.64221717989647
1897,937792.96875,62.02510129528084
1898,938867.1875,63.25180461139459
1899,939941.40625,60.80658807709752
1900,941015.625,62.141817219758686
1901,942089.84375,61.41845996994529
1902,943164.0625,60.935070452753905
1903,944238.28125,62.083552958347354
1904,945312.5,61.21517188233784
1905,946386.71875,60.193936476584895
1906,947460.9375,59.544033391147785
1907,948535.15625,59.542603154234996
1908,949609.375,59.330075370274855
1909,950683.59375,59.26321306463573
1910,951757.8125,58.99140096620911
1911,952832.03125,58.17755735126026
1912,953906.25,59.09791050969896
1913,954980.46875,58.22959650510618
1914,956054.6875,56.82283928353813
1915,957128.90625,56.62260068525576
1916,958203.125,57.65984129219461
1917,959277.34375,56.032639048574424
1918,960351.5625,56.3695931051858
1919,961425.78125,56.262829415992115
1920,962500.0,56.82585519792604
1921,963574.21875,56.59366113984193
1922,964648.4375,54.45415253524123
1923,965722.65625,54.360783815521586
1924,966796.875,55.64198252591964
1925,967871.09375,55.37392270370681
1926,968945.3125,53.65045147630867
1927,970019.53125,54.90670581115305
1928,971093.75,54.077925857659444
1929,972167.96875,53.462554709093276
1930,973242.1875,53.11223850924729
1931,974316.40625,52.73293408579396
1932,975390.625,51.35346017858665
1933,976464.84375,52.29480474994782
1934,977539.0625,51.88603774581467
1935,978613.28125,51.75410104743155
1936,979687.5,51.384790102066724
1937,980761.71875,51.387808332846895
1938,981835.9375,50.39013824854201
1939,982910.15625,50.88979626914644
1940,983984.375,50.569135158962496
1941,985058.59375,50.861194004985904
1942,986132.8125,50.36827728203591
1943,987207.03125,49.96664404442945
1944,988281.25,49.9320465645085
1945,989355.46875,49.59806958573754
1946,990429.6875,49.803069933740495
1947,991503.90625,49.102738093628226
1948,992578.125,49.15469434381157
1949,993652.34375,48.8233641549987
1950,994726.5625,47.79580339702942
1951,995800.78125,48.228661228219345
1952,996875.0,46.96619009291111
1953,997949.21875,47.58345475136616
1954,999023.4375,47.208017869995246
1955,1000097.65625,47.48881183706894
1956,1001171.875,46.54994875055503
1957,1002246.09375,46.579376502230396
1958,1003320.3125,46.327359199861974
1959,1004394.53125,45.35183458567281
1960,1005468.75,46.52760415877391
1961,1006542.96875,45.57392373352341
1962,1007617.1875,45.36435170411162
1963,1008691.40625,45.010270797254904
1964,1009765.625,45.11284215406023
1965,1010839.84375,44.2342986386553
1966,1011914.0625,44.5522949727773
1967,1012988.28125,45.02637522421594
1968,1014062.5,44.015963220760916
1969,1015136.71875,43.753559629350946
1970,1016210.9375,42.87674646307971
1971,1017285.15625,43.872175370175256
1972,1018359.375,43.78700913605515
1973,1019433.59375,43.34275877090885
1974,1020507.8125,42.92979439107092
1975,1021582.03125,42.60811677263908
1976,1022656.25,42.96318971337043
1977,1023730.46875,42.32625492745754
1978,1024804.6875,41.71599912870848
1979,1025878.90625,41.58103819751643
1980,1026953.125,41.674660438710966
1981,1028027.34375,41.495094450945814
1982,1029101.5625,40.73112553917618
1983,1030175.78125,41.48364024848386
1984,1031250.0,40.708945056889895
1985,1032324.21875,40.75420178212592
1986,1033398.4375,41.16725405521596
1987,1034472.65625,39.910697405020265
1988,1035546.875,40.68450525213521
1989,1036621.09375,39.16086002486345
1990,1037695.3125,39.94106001235487
1991,1038769.53125,39.09035911317392
1992,1039843.75,39.761095353293044
1993,1040917.96875,39.744847184892215
1994,1041992.1875,38.702567247546
1995,1043066.40625,39.20503756651935
1996,1044140.625,38.84852394838545
1997,1045214.84375,39.30662950775507
1998,1046289.0625,37.94184788621694
1999,1047363.28125,39.035971259837055
2000,1048437.5,37.80877059258217
2001,1049511.71875,38.31595458125135
2002,1050585.9375,38.32593717464264
2003,1051660.15625,37.74698248919074
2004,1052734.375,37.8175230873249
2005,1053808.59375,37.55380500075479
2006,1054882.8125,36.83706638338697
2007,1055957.03125,37.74965459185219
2008,1057031.25,36.92066395075163
2009,1058105.46875,37.31598460463111
2010,1059179.6875,36.87002776996828
2011,1060253.90625,37.32573901802209
2012,1061328.125,36.35897153394017
2013,1062402.34375,36.35884090160418
2014,1063476.5625,36.80861118165786
2015,1064550.78125,35.971944253018414
2016,1065625.0,36.582517699674334
2017,1066699.21875,35.54020944712196
2018,1067773.4375,36.030021116936666
2019,1068847.65625,35.967794480838876
2020,1069921.875,36.00565441683507
2021,1070996.09375,35.81571422674121
2022,1072070.3125,35.68151497983421
2023,1073144.53125,35.2800389218932
2024,1074218.75,36.313404407798174
2025,1075292.96875,35.298001360623076
2026,1076367.1875,35.573827527039974
2027,1077441.40625,35.31662563069974
2028,1078515.625,35.34290488244464
2029,1079589.84375,34.94216362814631
2030,1080664.0625,35.17429190281313
2031,1081738.28125,34.839077763348755
2032,1082812.5,35.197139310790426
2033,1083886.71875,35.00062752167214
2034,1084960.9375,35.47639319417852
2035,1086035.15625,34.69165888080717
2036,1087109.375,35.01857515334371
2037,1088183.59375,35.05771846994055
2038,1089257.8125,35.14153246255635
2039,1090332.03125,34.35498810676984
2040,1091406.25,34.94266179232379
2041,1092480.46875,34.09339953834105
2042,1093554.6875,34.48806120496965
2043,1094628.90625,34.65360064570913
2044,1095703.125,33.980370161839176
2045,1096777.34375,33.98281638996573
2046,1097851.5625,33.954506415402065
2047,1098925.78125,34.90311358221681
