,Frequency,Sample
0,-1100000.0,0.3194531949250285
1,-1098925.78125,0.31355112934906887
2,-1097851.5625,0.31582728649809805
3,-1096777.34375,0.32238429013975894
4,-1095703.125,0.3292547490221116
5,-1094628.90625,0.3208357414864819
6,-1093554.6875,0.31253160257354756
7,-1092480.46875,0.3224857944932328
8,-1091406.25,0.3116042010111168
9,-1090332.03125,0.30744322058979134
10,-1089257.8125,0.3023072861461364
11,-1088183.59375,0.30942953455991473
12,-1087109.375,0.3363885641049071
13,-1086035.15625,0.32870888895544453
14,-1084960.9375,0.32556841845185647
15,-1083886.71875,0.3180574151354649
16,-1082812.5,0.32917667649203297
17,-1081738.28125,0.30865050818735296
18,-1080664.0625,0.3252583136821373
19,-1079589.84375,0.325384406698013
20,-1078515.625,0.31405321173832507
21,-1077441.40625,0.32687005957490145
22,-1076367.1875,0.3049947988206622
23,-1075292.96875,0.3258617898722638
24,-1074218.75,0.3346046969091113
25,-1073144.53125,0.3211239941413855
26,-1072070.3125,0.3424955650046368
27,-1070996.09375,0.33063901726976963
28,-1069921.875,0.3336795789217128
29,-1068847.65625,0.3494625812057478
30,-1067773.4375,0.3240689412506005
31,-1066699.21875,0.3208598939744406
32,-1065625.0,0.3192567150285424
33,-1064550.78125,0.33997608843482935
34,-1063476.5625,0.34571347968421035
35,-1062402.34375,0.33219735371725895
36,-1061328.125,0.3428066258944918
37,-1060253.90625,0.3514132582361027
38,-1059179.6875,0.3290336544804747
39,-1058105.46875,0.3477210890022582
40,-1057031.25,0.3379570500875443
41,-1055957.03125,0.3559804652178263
42,-1054882.8125,0.3493119150939436
43,-1053808.59375,0.3472962965917476
44,-1052734.375,0.3425497588944533
45,-1051660.15625,0.3310140807485661
46,-1050585.9375,0.3394433971333426
47,-1049511.71875,0.3204536455552349
48,-1048437.5,0.3362183921991417
49,-1047363.28125,0.3558263056063713
50,-1046289.0625,0.38268270530384846
51,-1045214.84375,0.3562449148481262
52,-1044140.625,0.36053558911022854
53,-1043066.40625,0.3576929474424073
54,-1041992.1875,0.3651126988694625
55,-1040917.96875,0.3429900162009578
56,-1039843.75,0.34813682528167866
57,-1038769.53125,0.36196156987456357
58,-1037695.3125,0.35016301308759346
59,-1036621.09375,0.36699905153265155
60,-1035546.875,0.34962060597686295
61,-1034472.65625,0.35967056496869587
62,-1033398.4375,0.35245066028238436
63,-1032324.21875,0.36573208239069765
64,-1031250.0,0.361551457147163
65,-1030175.78125,0.38010425538756504
66,-1029101.5625,0.38319600704928214
67,-1028027.34375,0.3884884027609916
68,-1026953.125,0.36958559591584456
69,-1025878.90625,0.40932054682804875
70,-1024804.6875,0.37195564950249166
71,-1023730.46875,0.385849265545171
72,-1022656.25,0.40016796851171915
73,-1021582.03125,0.37672802901456437
74,-1020507.8125,0.3931796391582152
75,-1019433.59375,0.39848085286184204
76,-1018359.375,0.40252222593560644
77,-1017285.15625,0.4144918115578813
78,-1016210.9375,0.3789835717501437
79,-1015136.71875,0.40024602570012535
80,-1014062.5,0.3954001814474394
81,-1012988.28125,0.4112324535913486
82,-1011914.0625,0.4026771685501745
83,-1010839.84375,0.40532150846192727
84,-1009765.625,0.37898094936892773
85,-1008691.40625,0.4096355915076151
86,-1007617.1875,0.4141566742469484
87,-1006542.96875,0.42038965678763135
88,-1005468.75,0.42283411914352664
89,-1004394.53125,0.4427750929378291
90,-1003320.3125,0.43253383684100305
91,-1002246.09375,0.41680097120514886
92,-1001171.875,0.43535611364494675
93,-1000097.65625,0.4135363697920527
94,-999023.4375,0.41610998481630895
95,-997949.21875,0.4069533786705652
96,-996875.0,0.3941911974768392
97,-995800.78125,0.4451409082055534
98,-994726.5625,0.4038873198866203
99,-993652.34375,0.44382907282837897
100,-992578.125,0.422478978755509
101,-991503.90625,0.4599076179527723
102,-990429.6875,0.4306426552069947
103,-989355.46875,0.44204683128696637
104,-988281.25,0.45804255077146455
105,-987207.03125,0.4433471519382424
106,-986132.8125,0.44319924287006596
107,-985058.59375,0.4550118776630318
108,-983984.375,0.4551932996978888
109,-982910.15625,0.42600797561012876
110,-981835.9375,0.4522895924118151
111,-980761.71875,0.4665262054918155
112,-979687.5,0.4550324951985119
113,-978613.28125,0.467780017475815
114,-977539.0625,0.48422853424528506
115,-976464.84375,0.47960777982349834
116,-975390.625,0.48055911185341055
117,-974316.40625,0.48714990188373947
118,-973242.1875,0.4842280204504448
119,-972167.96875,0.5132968143232322
120,-971093.75,0.4983005152640477
121,-970019.53125,0.5204655014200908
122,-968945.3125,0.50524583459716
123,-967871.09375,0.48274489506087714
124,-966796.875,0.48670665306532707
125,-965722.65625,0.5047706823114869
126,-964648.4375,0.47492330050921083
127,-963574.21875,0.5039042717776392
128,-962500.0,0.480565186724833
129,-961425.78125,0.5285483622277003
130,-960351.5625,0.49271407516979915
131,-959277.34375,0.5157166350778266
132,-958203.125,0.49689655906001057
133,-957128.90625,0.515365441727125
134,-956054.6875,0.4944703295635589
135,-954980.46875,0.5390922784950868
136,-953906.25,0.5017006825082285
137,-952832.03125,0.5118937658291638
138,-951757.8125,0.5705742754090977
139,-950683.59375,0.5733280024022201
140,-949609.375,0.5192081726137078
141,-948535.15625,0.5289491087751036
142,-947460.9375,0.5226250091705125
143,-946386.71875,0.527492056741794
144,-945312.5,0.5312679915213423
145,-944238.28125,0.5519706663746181
146,-943164.0625,0.5247509480124017
147,-942089.84375,0.5621733506211346
148,-941015.625,0.5374140612946819
149,-939941.40625,0.5235926044777494
150,-938867.1875,0.543639557307147
151,-937792.96875,0.5636134903816925
152,-936718.75,0.5540805501285948
153,-935644.53125,0.5709773230472028
154,-934570.3125,0.5827743869383124
155,-933496.09375,0.5784295030149056
156,-932421.875,0.5930706991411288
157,-931347.65625,0.5824275082626068
158,-930273.4375,0.5680818190478628
159,-929199.21875,0.5275053026664046
160,-928125.0,0.5486549253713207
161,-927050.78125,0.5882071758715689
162,-925976.5625,0.5952862905567866
163,-924902.34375,0.5946484011591155
164,-923828.125,0.6083321602449044
165,-922753.90625,0.5993457863958397
166,-921679.6875,0.5823787012608175
167,-920605.46875,0.6037300418069675
168,-919531.25,0.6062034265513015
169,-918457.03125,0.6146092267113915
170,-917382.8125,0.6233411610845004
171,-916308.59375,0.5953375113299184
172,-915234.375,0.6384997140209384
173,-914160.15625,0.5958827042515064
174,-913085.9375,0.6261470457152016
175,-912011.71875,0.6260249337583518
176,-910937.5,0.5887939006293048
177,-909863.28125,0.5993438545128508
178,-908789.0625,0.6110586754429288
179,-907714.84375,0.6509755563821615
180,-906640.625,0.6109770108577207
181,-905566.40625,0.638416446241537
182,-904492.1875,0.6266379021930332
183,-903417.96875,0.6574678198021374
184,-902343.75,0.6186349214612258
185,-901269.53125,0.638274237178184
186,-900195.3125,0.6736146368068973
187,-899121.09375,0.6507124663903413
188,-898046.875,0.7018835810394813
189,-896972.65625,0.643130377718045
190,-895898.4375,0.6494161630360973
191,-894824.21875,0.6656401638537826
192,-893750.0,0.6729741515546916
193,-892675.78125,0.6648636758327771
194,-891601.5625,0.7001028652880287
195,-890527.34375,0.698049977541569
196,-889453.125,0.7002515540644051
197,-888378.90625,0.6673125962746427
198,-887304.6875,0.669617850748898
199,-886230.46875,0.6393497566397001
200,-885156.25,0.6629322583276215
201,-884082.03125,0.7121681254623009
202,-883007.8125,0.6777794986158959
203,-881933.59375,0.7295249550107336
204,-880859.375,0.7121659741624309
205,-879785.15625,0.7264260944236226
206,-878710.9375,0.6980569039785165
207,-877636.71875,0.6991420160227211
208,-876562.5,0.7202956641516935
209,-875488.28125,0.6906890172034998
210,-874414.0625,0.7628736224346958
211,-873339.84375,0.7523420582517318
212,-872265.625,0.6849648421316709
213,-871191.40625,0.7284142928275604
214,-870117.1875,0.6950967911768082
215,-869042.96875,0.7384581744258526
216,-867968.75,0.7169962380896844
217,-866894.53125,0.7268603537336287
218,-865820.3125,0.7493374340511515
219,-864746.09375,0.7791729057165137
220,-863671.875,0.7528085697539396
221,-862597.65625,0.7451024895429077
222,-861523.4375,0.7795223721622098
223,-860449.21875,0.7301725092117823
224,-859375.0,0.750911742410689
225,-858300.78125,0.7523863251027954
226,-857226.5625,0.7543929246721329
227,-856152.34375,0.7691035853005164
228,-855078.125,0.7526971946765413
229,-854003.90625,0.7787804504977798
230,-852929.6875,0.7195623994269792
231,-851855.46875,0.7829281520489126
232,-850781.25,0.7861851834464023
233,-849707.03125,0.7883196847387048
234,-848632.8125,0.7609138124493672
235,-847558.59375,0.7316776057635168
236,-846484.375,0.7890509838114423
237,-845410.15625,0.7692314638289863
238,-844335.9375,0.7799033880289915
239,-843261.71875,0.7786047192038719
240,-842187.5,0.7984718899930546
241,-841113.28125,0.8202837217600346
242,-840039.0625,0.7873471442670796
243,-838964.84375,0.7604857356918359
244,-837890.625,0.7832531903470488
245,-836816.40625,0.8028700353015323
246,-835742.1875,0.8280728700166798
247,-834667.96875,0.8068064548966247
248,-833593.75,0.8376862890262732
249,-832519.53125,0.8309850773186643
250,-831445.3125,0.8070816604165255
251,-830371.09375,0.849095945621436
252,-829296.875,0.8124226399543353
253,-828222.65625,0.8373239612497482
254,-827148.4375,0.816006049102579
255,-826074.21875,0.8679948470184685
256,-825000.0,0.8347024572717027
257,-823925.78125,0.8354487189700986
258,-822851.5625,0.8087997601035085
259,-821777.34375,0.7932130033924819
260,-820703.125,0.8393521417947368
261,-819628.90625,0.8360567453023943
262,-818554.6875,0.8407800294042599
263,-817480.46875,0.8448719123477497
264,-816406.25,0.8213315459402877
265,-815332.03125,0.8332730681170669
266,-814257.8125,0.809267138845065
267,-813183.59375,0.8484638591952428
268,-812109.375,0.8788150749083173
269,-811035.15625,0.8153868549399231
270,-809960.9375,0.8491601612696004
271,-808886.71875,0.894467616310793
272,-807812.5,0.8723696535234929
273,-806738.28125,0.856965241242734
274,-805664.0625,0.8497444089520986
275,-804589.84375,0.8775185716374853
276,-803515.625,0.8656047598243298
277,-802441.40625,0.8806189700963225
278,-801367.1875,0.8891992004784706
279,-800292.96875,0.919557443677223
280,-799218.75,0.9124308552755525
281,-798144.53125,0.8610545973713363
282,-797070.3125,0.8890773934165624
283,-795996.09375,0.871881710749832
284,-794921.875,0.9227122009689035
285,-793847.65625,0.9021829113284993
286,-792773.4375,0.8713854318949796
287,-791699.21875,0.8780220728632896
288,-790625.0,0.8665785217791624
289,-789550.78125,0.8830218950042219
290,-788476.5625,0.8809105165150634
291,-787402.34375,0.9084231243111797
292,-786328.125,0.912755985963798
293,-785253.90625,0.9059394790825267
294,-784179.6875,0.9160911858934848
295,-783105.46875,0.8917675489508822
296,-782031.25,0.851707034271047
297,-780957.03125,0.8977951065501927
298,-779882.8125,0.9287403749255347
299,-778808.59375,0.9341474194016574
300,-777734.375,0.9359961166026664
301,-776660.15625,0.9063542862294403
302,-775585.9375,0.9260012825704085
303,-774511.71875,0.9219905847014603
304,-773437.5,0.8929680247679632
305,-772363.28125,0.9172773710088843
306,-771289.0625,0.9129103987365242
307,-770214.84375,0.9109035907765497
308,-769140.625,0.9342410930307705
309,-768066.40625,0.9508411572131312
310,-766992.1875,0.9536552976029381
311,-765917.96875,0.9109092031212934
312,-764843.75,0.9215159941936218
313,-763769.53125,0.9047681374092146
314,-762695.3125,0.9627879649444755
315,-761621.09375,0.9223202098154544
316,-760546.875,0.9214433472206364
317,-759472.65625,0.9403129693739225
318,-758398.4375,0.940503306194432
319,-757324.21875,0.9413163995274575
320,-756250.0,0.9338758154485838
321,-755175.78125,0.9209562127670179
322,-754101.5625,0.9802639117327285
323,-753027.34375,0.9904838682421802
324,-751953.125,0.9842042767111415
325,-750878.90625,0.9343524848784566
326,-749804.6875,0.9916878778593693
327,-748730.46875,0.9452306938964075
328,-747656.25,0.9483763806578678
329,-746582.03125,0.9741549042362644
330,-745507.8125,0.949028042421639
331,-744433.59375,0.9061073843863205
332,-743359.375,0.9307677693668812
333,-742285.15625,0.9526106152314272
334,-741210.9375,0.9625540356727932
335,-740136.71875,1.0005162957480584
336,-739062.5,0.9694992967727516
337,-737988.28125,0.9482715363902023
338,-736914.0625,0.9911152970980524
339,-735839.84375,0.965811692503547
340,-734765.625,0.9693161337522767
341,-733691.40625,0.947272281919576
342,-732617.1875,0.9512857802480605
343,-731542.96875,0.9928049318597149
344,-730468.75,0.9724977618065295
345,-729394.53125,0.9560720096419404
346,-728320.3125,0.9906664070826046
347,-727246.09375,0.9619944746766003
348,-726171.875,0.9472233914596384
349,-725097.65625,0.9641280857020964
350,-724023.4375,0.9566005197540932
351,-722949.21875,0.9457113608949194
352,-721875.0,0.9688051468787136
353,-720800.78125,0.9682498696211176
354,-719726.5625,0.9866525714352392
355,-718652.34375,1.0542447530648076
356,-717578.125,0.9219737061341519
357,-716503.90625,1.0194044679834537
358,-715429.6875,0.9994540761971797
359,-714355.46875,0.9871609771447498
360,-713281.25,0.9707817205713755
361,-712207.03125,1.0052304763092468
362,-711132.8125,0.9814949465272628
363,-710058.59375,1.0011017823602368
364,-708984.375,0.9680162630195969
365,-707910.15625,1.0307318162358854
366,-706835.9375,1.0027439235288338
367,-705761.71875,1.0012066174872039
368,-704687.5,0.97783460942221
369,-703613.28125,1.0144150527704203
370,-702539.0625,0.9774876825007084
371,-701464.84375,0.9967564385361287
372,-700390.625,0.9621604204556559
373,-699316.40625,0.9646498350766602
374,-698242.1875,0.9519172960232982
375,-697167.96875,1.0177741634980213
376,-696093.75,0.9391439608989284
377,-695019.53125,0.9609286026543333
378,-693945.3125,0.9919956095144496
379,-692871.09375,0.964943867395387
380,-691796.875,1.0049990468975054
381,-690722.65625,1.0333615095361675
382,-689648.4375,0.9983003565726665
383,-688574.21875,0.9581786146373048
384,-687500.0,0.9679377623119526
385,-686425.78125,1.0272071759657395
386,-685351.5625,0.9150108297085692
387,-684277.34375,0.9568960826149436
388,-683203.125,1.0071095380324326
389,-682128.90625,1.0199142767412772
390,-681054.6875,0.9823426816501697
391,-679980.46875,0.9530643365629584
392,-678906.25,0.98890643249955
393,-677832.03125,1.005075618986775
394,-676757.8125,1.01839136758311
395,-675683.59375,0.985109922319511
396,-674609.375,1.0145101924367035
397,-673535.15625,1.0237809950992525
398,-672460.9375,1.0130569733678618
399,-671386.71875,1.0538507409252562
400,-670312.5,0.9944006395884657
401,-669238.28125,0.9639457052745004
402,-668164.0625,0.9954543422965076
403,-667089.84375,1.0127526907962667
404,-666015.625,0.9585185958351661
405,-664941.40625,1.023429194891176
406,-663867.1875,0.9817329604596402
407,-662792.96875,1.017387733865007
408,-661718.75,0.9404199241862599
409,-660644.53125,1.0061674127463998
410,-659570.3125,0.9970338532368421
411,-658496.09375,0.9676258069342601
412,-657421.875,1.0334491317930297
413,-656347.65625,1.0037977850272939
414,-655273.4375,0.9915178604780537
415,-654199.21875,1.0022265803181627
416,-653125.0,1.0117184370711085
417,-652050.78125,1.011498908287633
418,-650976.5625,0.95176529413066
419,-649902.34375,0.9380510774978656
420,-648828.125,0.9902144325778711
421,-647753.90625,0.9491047867085257
422,-646679.6875,0.9816543611898516
423,-645605.46875,0.9960532113343296
424,-644531.25,0.9957419362396933
425,-643457.03125,1.0335082644747557
426,-642382.8125,0.922688541448436
427,-641308.59375,0.9598413815126281
428,-640234.375,0.9860275736410605
429,-639160.15625,1.0370470718532918
430,-638085.9375,0.9905288549541917
431,-637011.71875,0.9858937769388436
432,-635937.5,0.9712860457744993
433,-634863.28125,1.0460819189408943
434,-633789.0625,1.0182612028844165
435,-632714.84375,0.9784751965599596
436,-631640.625,0.9793056845074647
437,-630566.40625,0.9803211121954064
438,-629492.1875,0.986938104117554
439,-628417.96875,1.0022773786481018
440,-627343.75,0.9937368659487027
441,-626269.53125,0.9642966957692426
442,-625195.3125,1.0220139843980056
443,-624121.09375,1.0085072993455446
444,-623046.875,0.9666090916797755
445,-621972.65625,1.0267528396005554
446,-620898.4375,0.9975835556454398
447,-619824.21875,0.9710591135124446
448,-618750.0,0.9884184397136494
449,-617675.78125,0.9982744965231835
450,-616601.5625,0.9873729418873186
451,-615527.34375,0.9511100480178216
452,-614453.125,0.9322547258912866
453,-613378.90625,1.0496103462444935
454,-612304.6875,0.9499167040367459
455,-611230.46875,0.9507892183777766
456,-610156.25,0.9952673998011216
457,-609082.03125,1.0265742039774897
458,-608007.8125,1.0034651303510005
459,-606933.59375,0.9883480118031776
460,-605859.375,1.0218436335500751
461,-604785.15625,0.9566919548234908
462,-603710.9375,0.97508043209106
463,-602636.71875,0.9168799837597333
464,-601562.5,1.015271524361452
465,-600488.28125,0.9583415724195902
466,-599414.0625,0.9933138451740317
467,-598339.84375,0.9517460541850138
468,-597265.625,0.9318890624509203
469,-596191.40625,0.9659737397107522
470,-595117.1875,0.925579424098173
471,-594042.96875,0.9825243877494793
472,-592968.75,1.0368010554120213
473,-591894.53125,0.965985103468874
474,-590820.3125,0.9481116982411039
475,-589746.09375,0.9887012349348749
476,-588671.875,0.9097321611293574
477,-587597.65625,0.9550094640418444
478,-586523.4375,0.9410392355126479
479,-585449.21875,0.9756063847270543
480,-584375.0,0.965504093351922
481,-583300.78125,0.9855086510592305
482,-582226.5625,0.9719249061926447
483,-581152.34375,0.9482595422824811
484,-580078.125,0.9263076703890732
485,-579003.90625,0.9813595908143662
486,-577929.6875,0.9748764858849126
487,-576855.46875,0.962342930101048
488,-575781.25,0.9421716454330177
489,-574707.03125,0.9769592432762036
490,-573632.8125,0.9687742814617103
491,-572558.59375,0.9737491398335755
492,-571484.375,0.9644288223099469
493,-570410.15625,0.9976778534903696
494,-569335.9375,0.9357217601374296
495,-568261.71875,1.0101368171795133
496,-567187.5,0.9642614194802218
497,-566113.28125,0.9480008079491773
498,-565039.0625,0.9874606619387108
499,-563964.84375,0.9097288903577199
500,-562890.625,0.9498466665400156
501,-561816.40625,0.9440152338717924
502,-560742.1875,0.9348734846738542
503,-559667.96875,0.9541672548510497
504,-558593.75,0.9434695467933978
505,-557519.53125,0.9558759268700626
506,-556445.3125,0.9886910231275117
507,-555371.09375,0.8550793247635615
508,-554296.875,0.9581815854762927
509,-553222.65625,0.9869641331218777
510,-552148.4375,0.9897314846843475
511,-551074.21875,0.9355515113752045
512,-550000.0,0.9521390849673177
513,-548925.78125,0.9508192275867956
514,-547851.5625,0.9392075545387815
515,-546777.34375,0.9562958986603421
516,-545703.125,0.942037778149745
517,-544628.90625,0.9214340014489035
518,-543554.6875,0.9253425011812506
519,-542480.46875,0.9173624933981392
520,-541406.25,0.9300443592747868
521,-540332.03125,0.8989662747920074
522,-539257.8125,0.9490030607720622
523,-538183.59375,0.9346752733336121
524,-537109.375,0.9057397700368683
525,-536035.15625,0.9626944939264456
526,-534960.9375,0.9466670562716955
527,-533886.71875,0.8881155948601591
528,-532812.5,0.9838300444816765
529,-531738.28125,0.9932055830927521
530,-530664.0625,0.921594256281965
531,-529589.84375,0.9153471232250789
532,-528515.625,0.8894807401275944
533,-527441.40625,0.9370215413689839
534,-526367.1875,0.9322142113480214
535,-525292.96875,0.9241437105877836
536,-524218.75,0.9464763363427464
537,-523144.53125,0.9251111766669846
538,-522070.3125,0.9017674844834158
539,-520996.09375,0.9232089125196312
540,-519921.875,0.9661917635875893
541,-518847.65625,0.9261526663419967
542,-517773.4375,0.9279717020873185
543,-516699.21875,0.8999398792941393
544,-515625.0,0.9708427113083082
545,-514550.78125,0.9552357403131239
546,-513476.5625,0.9608943972556495
547,-512402.34375,0.9706279287180672
548,-511328.125,0.9294707101228187
549,-510253.90625,0.8765228477516587
550,-509179.6875,0.9421798382146477
551,-508105.46875,0.9006265351748598
552,-507031.25,0.9246361522443083
553,-505957.03125,0.9274298058421764
554,-504882.8125,0.8799841048663868
555,-503808.59375,1.013811780696782
556,-502734.375,0.9673431739688346
557,-501660.15625,0.8857362175136775
558,-500585.9375,0.9145346176203148
559,-499511.71875,0.958864046965101
560,-498437.5,0.920645343599733
561,-497363.28125,0.901886360331754
562,-496289.0625,0.8992122503561641
563,-495214.84375,0.9023512502666566
564,-494140.625,0.8897890726413504
565,-493066.40625,0.913132206529926
566,-491992.1875,0.910311220006716
567,-490917.96875,0.9467331202801182
568,-489843.75,0.8810154824002021
569,-488769.53125,0.9469770936379436
570,-487695.3125,0.8842152311062033
571,-486621.09375,0.9081078861170814
572,-485546.875,0.888388125249091
573,-484472.65625,0.856926787938605
574,-483398.4375,0.9034328223623015
575,-482324.21875,0.9056472148283053
576,-481250.0,0.9014837678492569
577,-480175.78125,0.907667950684575
578,-479101.5625,0.9404697572640582
579,-478027.34375,0.9207369494851055
580,-476953.125,0.8681018225795386
581,-475878.90625,0.9254616650550225
582,-474804.6875,0.8867601887283646
583,-473730.46875,0.8694435567391992
584,-472656.25,0.8795630107918386
585,-471582.03125,0.8678281445367865
586,-470507.8125,0.938354206813328
587,-469433.59375,0.9310470605067339
588,-468359.375,0.9070518278072742
589,-467285.15625,0.9292589665672655
590,-466210.9375,0.8709318415460421
591,-465136.71875,0.8895766003012233
592,-464062.5,0.9233253288421839
593,-462988.28125,0.877097839403335
594,-461914.0625,0.9500527569328807
595,-460839.84375,0.8875922287400769
596,-459765.625,0.9187010462502363
597,-458691.40625,0.9021793625910625
598,-457617.1875,0.8878363355554696
599,-456542.96875,0.8895273723904167
600,-455468.75,0.8617849646710568
601,-454394.53125,0.8602277821138377
602,-453320.3125,0.8847605668997708
603,-452246.09375,0.9216838431272386
604,-451171.875,0.8835852863332494
605,-450097.65625,0.8729482851141751
606,-449023.4375,0.8996277429720202
607,-447949.21875,0.8545205047755329
608,-446875.0,0.8949994053936434
609,-445800.78125,0.9153741436845046
610,-444726.5625,0.8948079550910908
611,-443652.34375,0.8660653815015605
612,-442578.125,0.8763555163676455
613,-441503.90625,0.8746971037741638
614,-440429.6875,0.8923122701921824
615,-439355.46875,0.8939445437007147
616,-438281.25,0.8842090211930825
617,-437207.03125,0.8693053681957857
618,-436132.8125,0.9388414518698377
619,-435058.59375,0.9284275663441631
620,-433984.375,0.8444391243280466
621,-432910.15625,0.9016129347984125
622,-431835.9375,0.9377259096269711
623,-430761.71875,0.8898069688543229
624,-429687.5,0.879287246998039
625,-428613.28125,0.958238531099891
626,-427539.0625,0.857061110431895
627,-426464.84375,0.8914397855802071
628,-425390.625,0.853298850117244
629,-424316.40625,0.8536236779458416
630,-423242.1875,0.8552750129666216
631,-422167.96875,0.8849453517701191
632,-421093.75,0.8576860003927415
633,-420019.53125,0.8642989379653377
634,-418945.3125,0.8481617770797772
635,-417871.09375,0.8941643503234685
636,-416796.875,0.8652497785543583
637,-415722.65625,0.8610926952684105
638,-414648.4375,0.9011612731063584
639,-413574.21875,0.8677070489532525
640,-412500.0,0.8547842402529313
641,-411425.78125,0.9038227828403677
642,-410351.5625,0.8110964897357815
643,-409277.34375,0.829286999808674
644,-408203.125,0.905380939086418
645,-407128.90625,0.8336221818318839
646,-406054.6875,0.8654850479011169
647,-404980.46875,0.8452101071613197
648,-403906.25,0.8903678254895661
649,-402832.03125,0.8613217351611946
650,-401757.8125,0.8467096677233361
651,-400683.59375,0.8616257891793829
652,-399609.375,0.8461192384230173
653,-398535.15625,0.846759965315102
654,-397460.9375,0.8907885054075455
655,-396386.71875,0.8563354241122112
656,-395312.5,0.870902889389966
657,-394238.28125,0.8778794965366407
658,-393164.0625,0.8300031857658913
659,-392089.84375,0.9078396779318796
660,-391015.625,0.817267663338057
661,-389941.40625,0.8604233116892569
662,-388867.1875,0.8485207186331982
663,-387792.96875,0.8686606896578137
664,-386718.75,0.876143979576896
665,-385644.53125,0.8236731090611409
666,-384570.3125,0.8985740527860999
667,-383496.09375,0.828581383007912
668,-382421.875,0.8876232632577713
669,-381347.65625,0.8488317487843177
670,-380273.4375,0.8849976615338383
671,-379199.21875,0.8893108368831091
672,-378125.0,0.8723341572284087
673,-377050.78125,0.8869436539786283
674,-375976.5625,0.8628421171909137
675,-374902.34375,0.8909375481531955
676,-373828.125,0.8924605366708566
677,-372753.90625,0.8658613005510304
678,-371679.6875,0.8693313253981445
679,-370605.46875,0.8871934726365128
680,-369531.25,0.874086075426648
681,-368457.03125,0.8706368748081175
682,-367382.8125,0.8752849304575185
683,-366308.59375,0.8546931194186888
684,-365234.375,0.8467333878609977
685,-364160.15625,0.8700378925085415
686,-363085.9375,0.8655354486147387
687,-362011.71875,0.8559386754028868
688,-360937.5,0.8786005840417638
689,-359863.28125,0.8585131941037853
690,-358789.0625,0.8820800718818416
691,-357714.84375,0.8584048630871652
692,-356640.625,0.8198132184096004
693,-355566.40625,0.8028923707593842
694,-354492.1875,0.9074352049976739
695,-353417.96875,0.8509365155159145
696,-352343.75,0.8320465949504655
697,-351269.53125,0.9253681753911371
698,-350195.3125,0.8533602886502226
699,-349121.09375,0.851650170166808
700,-348046.875,0.8665734873091918
701,-346972.65625,0.8882536411189967
702,-345898.4375,0.8268113816494109
703,-344824.21875,0.8386602700363932
704,-343750.0,0.859234473642379
705,-342675.78125,0.8097582026011578
706,-341601.5625,0.8462742955380815
707,-340527.34375,0.8436912913814115
708,-339453.125,0.8641802002802017
709,-338378.90625,0.8665987714903407
710,-337304.6875,0.8713341416983581
711,-336230.46875,0.9343227399308354
712,-335156.25,0.8439602527596274
713,-334082.03125,0.876853523709234
714,-333007.8125,0.8898468610517516
715,-331933.59375,0.8219519639007028
716,-330859.375,0.865523752099605
717,-329785.15625,0.8294819560967276
718,-328710.9375,0.8795315170472016
719,-327636.71875,0.890338700836691
720,-326562.5,0.8520652427417603
721,-325488.28125,0.8883667645797401
722,-324414.0625,0.8599185263119099
723,-323339.84375,0.851107202145319
724,-322265.625,0.8610146878919711
725,-321191.40625,0.9013605066774449
726,-320117.1875,0.872547305822024
727,-319042.96875,0.8713899483053228
728,-317968.75,0.8309548187779179
729,-316894.53125,0.8150408206285668
730,-315820.3125,0.8823688506375806
731,-314746.09375,0.8660654281241883
732,-313671.875,0.8642346618487228
733,-312597.65625,0.855100545767201
734,-311523.4375,0.8154318229724046
735,-310449.21875,0.879396283604636
736,-309375.0,0.8498679496280426
737,-308300.78125,0.8624945891915733
738,-307226.5625,0.8286184829553283
739,-306152.34375,0.8417349011554318
740,-305078.125,0.8929329319369917
741,-304003.90625,0.8348660925959795
742,-302929.6875,0.8979592617679166
743,-301855.46875,0.8291495909368027
744,-300781.25,0.9181650315557895
745,-299707.03125,0.8582735117042635
746,-298632.8125,0.8781001198813705
747,-297558.59375,0.8155599901003927
748,-296484.375,0.8907095612581981
749,-295410.15625,0.8295526888223314
750,-294335.9375,0.7943350446690713
751,-293261.71875,0.8275990641186238
752,-292187.5,0.8561143674961503
753,-291113.28125,0.8955270443113608
754,-290039.0625,0.8760682341058608
755,-288964.84375,0.8446567409008606
756,-287890.625,0.870177867295816
757,-286816.40625,0.8765032472891616
758,-285742.1875,0.9443203549625874
759,-284667.96875,0.8459379196932104
760,-283593.75,0.8896256614298638
761,-282519.53125,0.9017323741248001
762,-281445.3125,0.8521535715709531
763,-280371.09375,0.8676478891942185
764,-279296.875,0.8544900952057987
765,-278222.65625,0.8825336324779485
766,-277148.4375,0.9027284234425252
767,-276074.21875,0.953482496237708
768,-275000.0,0.8720512849514624
769,-273925.78125,0.8496494945156133
770,-272851.5625,0.8526056838751599
771,-271777.34375,0.8487619407395575
772,-270703.125,0.8953097776958034
773,-269628.90625,0.8788429681085074
774,-268554.6875,0.8734961331212828
775,-267480.46875,0.8398892713536708
776,-266406.25,0.9052986163578859
777,-265332.03125,0.8514092209811468
778,-264257.8125,0.8704361731229582
779,-263183.59375,0.9164876797234616
780,-262109.375,0.8625220408626563
781,-261035.15625,0.8476558856858823
782,-259960.9375,0.8664714791872932
783,-258886.71875,0.8387336336697975
784,-257812.5,0.863874556889746
785,-256738.28125,0.9120155653034112
786,-255664.0625,0.9008052643266217
787,-254589.84375,0.8857783131187451
788,-253515.625,0.8806865917320651
789,-252441.40625,0.8815035005538278
790,-251367.1875,0.9088491467799146
791,-250292.96875,0.891662847307371
792,-249218.75,0.9247921381889508
793,-248144.53125,0.9062699679325129
794,-247070.3125,0.8428927873561348
795,-245996.09375,0.8767808765925705
796,-244921.875,0.9163451502657151
797,-243847.65625,0.8999573304308541
798,-242773.4375,0.8956251903777404
799,-241699.21875,0.8680349205409675
800,-240625.0,0.9377857563386337
801,-239550.78125,0.8818864488212907
802,-238476.5625,0.8483024257049324
803,-237402.34375,0.9457565529763622
804,-236328.125,0.8646715605339803
805,-235253.90625,0.9112052283460276
806,-234179.6875,0.8663259871392843
807,-233105.46875,0.9039564959349026
808,-232031.25,0.8866811338645373
809,-230957.03125,0.8432688639160909
810,-229882.8125,0.9132767812895823
811,-228808.59375,0.9394471377613718
812,-227734.375,0.8401621335933883
813,-226660.15625,0.9059131494052586
814,-225585.9375,0.9135427325447826
815,-224511.71875,0.9293479297918041
816,-223437.5,0.9002295897780969
817,-222363.28125,0.9033998187928434
818,-221289.0625,0.8778303574033616
819,-220214.84375,0.9640436355033841
820,-219140.625,0.8824555190904839
821,-218066.40625,0.8692291462318252
822,-216992.1875,0.9181593597539883
823,-215917.96875,0.8742229851346331
824,-214843.75,0.8610392123562313
825,-213769.53125,0.8698051961947477
826,-212695.3125,0.8946877127332002
827,-211621.09375,0.8624319657215904
828,-210546.875,0.8593916163797211
829,-209472.65625,0.9107679769216501
830,-208398.4375,0.895334045808947
831,-207324.21875,0.9331132124233409
832,-206250.0,0.8640429650329233
833,-205175.78125,0.8925838493847257
834,-204101.5625,0.9599443509320563
835,-203027.34375,0.8651999678663874
836,-201953.125,0.8869764472227842
837,-200878.90625,0.8927405991578882
838,-199804.6875,0.8711102727628846
839,-198730.46875,0.9065694269313298
840,-197656.25,0.911230560975302
841,-196582.03125,0.9064579106301961
842,-195507.8125,0.9144453110111015
843,-194433.59375,0.9054041928803624
844,-193359.375,0.9062623060847
845,-192285.15625,0.8804086497851282
846,-191210.9375,0.8610044422820551
847,-190136.71875,0.8797232519838541
848,-189062.5,0.9387831534917979
849,-187988.28125,0.8609109405668948
850,-186914.0625,0.904436071287414
851,-185839.84375,0.893254255271119
852,-184765.625,0.9117233330666621
853,-183691.40625,0.867789435006686
854,-182617.1875,0.8870394534323172
855,-181542.96875,0.9264583211786727
856,-180468.75,0.9713002312152142
857,-179394.53125,0.8938013956098599
858,-178320.3125,0.8588965533982468
859,-177246.09375,0.9129729403974718
860,-176171.875,0.9166692007383306
861,-175097.65625,0.9527382279425868
862,-174023.4375,0.859774494884417
863,-172949.21875,0.878287156213455
864,-171875.0,0.9136764425274991
865,-170800.78125,0.879341157729835
866,-169726.5625,0.9276416597992173
867,-168652.34375,0.9265881680440685
868,-167578.125,0.9368771744729772
869,-166503.90625,0.9414948438028445
870,-165429.6875,0.9129822492798911
871,-164355.46875,0.899891811997042
872,-163281.25,0.9368455512129333
873,-162207.03125,0.8949942307643418
874,-161132.8125,0.9209022913150262
875,-160058.59375,0.9084675210096248
876,-158984.375,0.9525586043103396
877,-157910.15625,0.9287095538117572
878,-156835.9375,0.8739077573624038
879,-155761.71875,0.9386567086514044
880,-154687.5,0.9214889953795252
881,-153613.28125,0.8903490996660222
882,-152539.0625,0.923720287632884
883,-151464.84375,0.9547523000062297
884,-150390.625,0.9164171568231007
885,-149316.40625,0.9013678371109409
886,-148242.1875,0.9300786989557931
887,-147167.96875,0.9374374944177437
888,-146093.75,0.9015350522696103
889,-145019.53125,0.9526256812812031
890,-143945.3125,0.9640309018163211
891,-142871.09375,0.9534416885090995
892,-141796.875,0.9085620426786689
893,-140722.65625,0.9116118472446622
894,-139648.4375,0.9515047952781921
895,-138574.21875,0.8883123960426859
896,-137500.0,0.9585074006002143
897,-136425.78125,0.9354518721954588
898,-135351.5625,0.9557194566735471
899,-134277.34375,0.9591627378854244
900,-133203.125,0.9344068287259908
901,-132128.90625,0.9570877834022731
902,-131054.6875,0.9717031974055288
903,-129980.46875,0.9625907413189363
904,-128906.25,0.9743816531916023
905,-127832.03125,0.9757980464669439
906,-126757.8125,0.9541745529466606
907,-125683.59375,0.9714935557329285
908,-124609.375,0.9624757612343237
909,-123535.15625,0.9180937581276708
910,-122460.9375,0.9104124450110918
911,-121386.71875,0.9495246735870175
912,-120312.5,0.9517330266923161
913,-119238.28125,0.9049613522129367
914,-118164.0625,0.911731366768242
915,-117089.84375,0.9007526757509888
916,-116015.625,0.9257189376240043
917,-114941.40625,0.884501090586908
918,-113867.1875,0.9508638827404652
919,-112792.96875,0.9495451459783566
920,-111718.75,0.9432734845719639
921,-110644.53125,0.9738017449763254
922,-109570.3125,0.9673392817126906
923,-108496.09375,0.8986174776495315
924,-107421.875,0.8631870273948549
925,-106347.65625,0.9138227664393493
926,-105273.4375,0.9556368977403881
927,-104199.21875,0.9069754691739996
928,-103125.0,0.9667652733074108
929,-102050.78125,0.9579906159717579
930,-100976.5625,1.0023326185354002
931,-99902.34375,0.9359708272170727
932,-98828.125,0.9181058372767089
933,-97753.90625,0.9730906438501769
934,-96679.6875,0.8991634861486318
935,-95605.46875,0.9664843742677618
936,-94531.25,0.9496391375652619
937,-93457.03125,0.8863816112823282
938,-92382.8125,0.9880701527370938
939,-91308.59375,0.9403512006326777
940,-90234.375,0.9282221232373773
941,-89160.15625,0.948055414720456
942,-88085.9375,0.9030303719663664
943,-87011.71875,0.9432335990145889
944,-85937.5,0.9345348144218631
945,-84863.28125,0.9591310483738158
946,-83789.0625,0.9305014449925422
947,-82714.84375,0.9515940621774389
948,-81640.625,0.9446716805237408
949,-80566.40625,0.9542941517289029
950,-79492.1875,0.988853402610005
951,-78417.96875,0.9446758448162356
952,-77343.75,0.9729377383645947
953,-76269.53125,0.9555658344760712
954,-75195.3125,0.9291494441242495
955,-74121.09375,0.9258548879257114
956,-73046.875,1.01599140892697
957,-71972.65625,0.9475901847501145
958,-70898.4375,0.9783971869037482
959,-69824.21875,0.9382847272652293
960,-68750.0,0.9706072048492522
961,-67675.78125,0.9510822284134564
962,-66601.5625,0.9913540686861243
963,-65527.34375,0.9829183293185694
964,-64453.125,0.9573331716418311
965,-63378.90625,0.9661613076052132
966,-62304.6875,0.964773003845341
967,-61230.46875,0.9490539871372076
968,-60156.25,0.9758086156956455
969,-59082.03125,0.997836195024567
970,-58007.8125,0.9324887794939516
971,-56933.59375,0.9297785737052437
972,-55859.375,0.950981079785941
973,-54785.15625,0.9594370201296113
974,-53710.9375,1.0051352859808993
975,-52636.71875,1.0024959440057715
976,-51562.5,0.9410937955892915
977,-50488.28125,0.9742257608045966
978,-49414.0625,0.9406747891150021
979,-48339.84375,0.9183286852347264
980,-47265.625,0.9152450993204054
981,-46191.40625,0.9767220975074158
982,-45117.1875,0.9349621560159894
983,-44042.96875,0.9938453891765375
984,-42968.75,0.9393362618531562
985,-41894.53125,0.9281578991852165
986,-40820.3125,0.9344343128992072
987,-39746.09375,0.9782934731547489
988,-38671.875,1.0149943197423537
989,-37597.65625,0.9416556914650481
990,-36523.4375,0.9255548784402907
991,-35449.21875,0.9520859020685749
992,-34375.0,0.9889084157811964
993,-33300.78125,0.944289238891524
994,-32226.5625,0.9149412807787395
995,-31152.34375,0.9473991737304035
996,-30078.125,0.9057876494190271
997,-29003.90625,1.0233757239310524
998,-27929.6875,0.9255711665066654
999,-26855.46875,0.9652562322536687
1000,-25781.25,0.9089627223258229
1001,-24707.03125,1.0104894242954248
1002,-23632.8125,0.9624406735396015
1003,-22558.59375,0.9697668641469904
1004,-21484.375,0.9640228600726274
1005,-20410.15625,0.9390115036469728
1006,-19335.9375,0.9516775109710354
1007,-18261.71875,0.9470674080515605
1008,-17187.5,0.9821524157226763
1009,-16113.28125,0.9506405234061409
1010,-15039.0625,0.955602148565633
1011,-13964.84375,1.0136087849613808
1012,-12890.625,0.9877591987711061
1013,-11816.40625,0.9919538956489463
1014,-10742.1875,0.9695184348800779
1015,-9667.96875,0.9438252663397716
1016,-8593.75,0.9295200249933314
1017,-7519.53125,0.9692910991584337
1018,-6445.3125,0.9828314846197315
1019,-5371.09375,0.9913785465822759
1020,-4296.875,0.9909927659129817
1021,-3222.65625,0.9814212985506888
1022,-2148.4375,0.9358267914711402
1023,-1074.21875,0.9132404731616066
1024,0.0,10.288559969242804
1025,1074.21875,0.9854424332746324
1026,2148.4375,0.9503894889863767
1027,3222.65625,0.976543707340807
1028,4296.875,0.9543867607715403
1029,5371.09375,0.9588423977499625
1030,6445.3125,0.97751017210344
1031,7519.53125,0.9453819049308275
1032,8593.75,0.9470181214779319
1033,9667.96875,0.8861282345160879
1034,10742.1875,0.9247423116318683
1035,11816.40625,0.937507320856385
1036,12890.625,0.9836403459449048
1037,13964.84375,0.9261941099384736
1038,15039.0625,0.9379825438223446
1039,16113.28125,0.9560891698128391
1040,17187.5,0.9748449905790219
1041,18261.71875,0.9021230922154204
1042,19335.9375,0.914831269901781
1043,20410.15625,0.8746814129870245
1044,21484.375,0.9497210727203836
1045,22558.59375,0.9023374451628393
1046,23632.8125,0.8758192569753253
1047,24707.03125,0.9905918622763384
1048,25781.25,0.9246265740229798
1049,26855.46875,0.9479082568840702
1050,27929.6875,0.945907398198846
1051,29003.90625,0.9953210131685863
1052,30078.125,0.9547241941268807
1053,31152.34375,0.8785355181448025
1054,32226.5625,0.947753612239621
1055,33300.78125,0.9566420298355689
1056,34375.0,0.9377138148130686
1057,35449.21875,0.9246755642020821
1058,36523.4375,0.9634256205705862
1059,37597.65625,0.9550137718004872
1060,38671.875,0.9463648903129468
1061,39746.09375,0.9163872588260207
1062,40820.3125,0.9575265859723963
1063,41894.53125,0.9689889658521066
1064,42968.75,0.9171655708988512
1065,44042.96875,0.9813338188768883
1066,45117.1875,1.0188150351073038
1067,46191.40625,0.9858725146303732
1068,47265.625,0.9154978556981099
1069,48339.84375,0.9300651701209584
1070,49414.0625,0.9279981377635881
1071,50488.28125,0.899491735449983
1072,51562.5,0.9584261361364264
1073,52636.71875,0.9351820430413832
1074,53710.9375,0.9604847059105238
1075,54785.15625,0.8936509711350475
1076,55859.375,0.9510670664529414
1077,56933.59375,0.9096355037355818
1078,58007.8125,0.899638359672388
1079,59082.03125,0.9696718297256539
1080,60156.25,0.9515250220594388
1081,61230.46875,0.9506330765740062
1082,62304.6875,0.9479777955821991
1083,63378.90625,0.9085700484059839
1084,64453.125,0.9804911623591717
1085,65527.34375,0.9282650880474649
1086,66601.5625,0.9584431521531256
1087,67675.78125,0.9210998337757256
1088,68750.0,0.9376191784616549
1089,69824.21875,0.9260234321146221
1090,70898.4375,0.9121265711808381
1091,71972.65625,0.9517983316107047
1092,73046.875,0.9170733145512319
1093,74121.09375,0.920078406381316
1094,75195.3125,0.8921836510016631
1095,76269.53125,0.8901112206221814
1096,77343.75,0.9765605477431861
1097,78417.96875,0.984857888753949
1098,79492.1875,0.9181181875048676
1099,80566.40625,0.9141979874607956
1100,81640.625,0.9506142079712667
1101,82714.84375,0.9147044253629902
1102,83789.0625,0.9392779489403652
1103,84863.28125,0.9243963384602234
1104,85937.5,0.9048105926289483
1105,87011.71875,0.9238461012499998
1106,88085.9375,0.9478598097725465
1107,89160.15625,0.9061703884712979
1108,90234.375,0.9111665114241828
1109,91308.59375,0.9448099723937107
1110,92382.8125,0.9350188839312382
1111,93457.03125,0.9129945071424614
1112,94531.25,0.8854150778889103
1113,95605.46875,0.8710784385927424
1114,96679.6875,0.9042316264136442
1115,97753.90625,0.9348994763202072
1116,98828.125,0.9457453650848788
1117,99902.34375,0.9500649671269866
1118,100976.5625,0.9334114336902964
1119,102050.78125,0.9191302826808612
1120,103125.0,0.8598381241227758
1121,104199.21875,0.9210725000305383
1122,105273.4375,0.92052442297289
1123,106347.65625,0.8925197495505806
1124,107421.875,0.9312703976448551
1125,108496.09375,0.8950887879543089
1126,109570.3125,1.0030086640940183
1127,110644.53125,0.9302675813272112
1128,111718.75,0.9470925680341176
1129,112792.96875,0.8851399385287093
1130,113867.1875,1.007755753980608
1131,114941.40625,0.9260315098054664
1132,116015.625,0.8999162199369545
1133,117089.84375,0.9325146821401503
1134,118164.0625,0.9253331607908062
1135,119238.28125,0.9338521720293652
1136,120312.5,0.8956510591708267
1137,121386.71875,0.948022650293798
1138,122460.9375,0.865989327297335
1139,123535.15625,0.9279855715343773
1140,124609.375,0.888272139127933
1141,125683.59375,0.9668144133800486
1142,126757.8125,0.8861108201978856
1143,127832.03125,0.9568121514977994
1144,128906.25,0.8544219955975119
1145,129980.46875,0.887640303324856
1146,131054.6875,0.931434325795088
1147,132128.90625,0.8693175035906154
1148,133203.125,0.8662396458317767
1149,134277.34375,0.8634678848331887
1150,135351.5625,0.8940351679645302
1151,136425.78125,0.8407914382122387
1152,137500.0,0.9138095372020675
1153,138574.21875,0.9010005952469236
1154,139648.4375,0.9221286650444218
1155,140722.65625,0.8929931904393604
1156,141796.875,0.8726993024506864
1157,142871.09375,0.8558267262361976
1158,143945.3125,0.8648923159341251
1159,145019.53125,0.9022991280165185
1160,146093.75,0.8671816354787938
1161,147167.96875,0.8842997604690702
1162,148242.1875,0.8946089112281301
1163,149316.40625,0.8947696300882855
1164,150390.625,0.9057900883837736
1165,151464.84375,0.8817246678025641
1166,152539.0625,0.8979213183141128
1167,153613.28125,0.9063618956462101
1168,154687.5,0.8589404237936639
1169,155761.71875,0.8699732545701745
1170,156835.9375,0.880720265996532
1171,157910.15625,0.8863425350873673
1172,158984.375,0.8362370451036293
1173,160058.59375,0.8820334071845507
1174,161132.8125,0.9019818698261577
1175,162207.03125,0.8934597060088932
1176,163281.25,0.8681581717368436
1177,164355.46875,0.8851028599249893
1178,165429.6875,0.87777914981022
1179,166503.90625,0.8912170712627534
1180,167578.125,0.9026177851837313
1181,168652.34375,0.9170833496992168
1182,169726.5625,0.8767619919726639
1183,170800.78125,0.8828885954223915
1184,171875.0,0.8718344788632293
1185,172949.21875,0.8793900975495752
1186,174023.4375,0.8731927111201347
1187,175097.65625,0.9474023243151164
1188,176171.875,0.8303687013990945
1189,177246.09375,0.905080763113128
1190,178320.3125,0.9004020755479059
1191,179394.53125,0.8402099145627361
1192,180468.75,0.8765629148226113
1193,181542.96875,0.8837141108777322
1194,182617.1875,0.842784816839233
1195,183691.40625,0.8671016168228428
1196,184765.625,0.8917341650210657
1197,185839.84375,0.9098810415169731
1198,186914.0625,0.9129462392899907
1199,187988.28125,0.8934515758190267
1200,189062.5,0.8790016768805766
1201,190136.71875,0.8833090789651735
1202,191210.9375,0.9130596627163938
1203,192285.15625,0.8576719446608173
1204,193359.375,0.8687675626198904
1205,194433.59375,0.851611939620815
1206,195507.8125,0.8479724372220127
1207,196582.03125,0.8858628606074169
1208,197656.25,0.8130764017964816
1209,198730.46875,0.8650031086695273
1210,199804.6875,0.8412260727770735
1211,200878.90625,0.87336983172813
1212,201953.125,0.888092212967086
1213,203027.34375,0.8500137686855762
1214,204101.5625,0.8892632480361351
1215,205175.78125,0.8523637634686199
1216,206250.0,0.8776722676430606
1217,207324.21875,0.9510412622562834
1218,208398.4375,0.8366854801985977
1219,209472.65625,0.8452736319003342
1220,210546.875,0.8171644710149887
1221,211621.09375,0.8030303506499366
1222,212695.3125,0.8508557642644595
1223,213769.53125,0.8934429134329153
1224,214843.75,0.8594767557231872
1225,215917.96875,0.8248528757916002
1226,216992.1875,0.901726401435814
1227,218066.40625,0.8298051930843807
1228,219140.625,0.8375885981494984
1229,220214.84375,0.8454897428320952
1230,221289.0625,0.8072551760461368
1231,222363.28125,0.8905444158862555
1232,223437.5,0.8638200956107894
1233,224511.71875,0.8460969503098302
1234,225585.9375,0.8663350732968979
1235,226660.15625,0.8458453347600905
1236,227734.375,0.8648726658694134
1237,228808.59375,0.8519110504517389
1238,229882.8125,0.899210729578784
1239,230957.03125,0.8347598387341437
1240,232031.25,0.7983628493331292
1241,233105.46875,0.9087345559906912
1242,234179.6875,0.8489295463941606
1243,235253.90625,0.8354234547110934
1244,236328.125,0.8598863224458363
1245,237402.34375,0.8686795624832118
1246,238476.5625,0.8270849299358609
1247,239550.78125,0.8345911166974733
1248,240625.0,0.8413098694102366
1249,241699.21875,0.825368270208151
1250,242773.4375,0.8020556344093481
1251,243847.65625,0.8600816892659494
1252,244921.875,0.8270230980051447
1253,245996.09375,0.8971602799036559
1254,247070.3125,0.7886725556058164
1255,248144.53125,0.8408701160258434
1256,249218.75,0.8377374275977039
1257,250292.96875,0.8593032791357754
1258,251367.1875,0.7878393677602971
1259,252441.40625,0.8096634770135451
1260,253515.625,0.8011694598581127
1261,254589.84375,0.9085336123524318
1262,255664.0625,0.7839012980156149
1263,256738.28125,0.8618900738613086
1264,257812.5,0.7953614672703778
1265,258886.71875,0.7933567341022298
1266,259960.9375,0.8203923736511671
1267,261035.15625,0.8044251462410409
1268,262109.375,0.8178341449796424
1269,263183.59375,0.8351559503383185
1270,264257.8125,0.7608002939678141
1271,265332.03125,0.8357856497861738
1272,266406.25,0.8208982051487898
1273,267480.46875,0.8381142552265409
1274,268554.6875,0.824960957139534
1275,269628.90625,0.8995884247334988
1276,270703.125,0.8250594508584121
1277,271777.34375,0.8408572956622421
1278,272851.5625,0.812065086012065
1279,273925.78125,0.8226480310734043
1280,275000.0,0.8304814566075683
1281,276074.21875,0.7942641221958588
1282,277148.4375,0.8206305978994176
1283,278222.65625,0.8329427929506747
1284,279296.875,0.8159650909273533
1285,280371.09375,0.8096431922120821
1286,281445.3125,0.8159182432055586
1287,282519.53125,0.8544293321319795
1288,283593.75,0.8353474597412611
1289,284667.96875,0.8035879028442144
1290,285742.1875,0.7848420346891719
1291,286816.40625,0.8307279726936807
1292,287890.625,0.8350672752085928
1293,288964.84375,0.7852468102816146
1294,290039.0625,0.8439767746879635
1295,291113.28125,0.8139531842195166
1296,292187.5,0.8000557645586419
1297,293261.71875,0.8497854202726977
1298,294335.9375,0.8161202667171455
1299,295410.15625,0.8256749775829606
1300,296484.375,0.8297201366743481
1301,297558.59375,0.7996527590936248
1302,298632.8125,0.7832207192817221
1303,299707.03125,0.7842433406720296
1304,300781.25,0.7476037965330565
1305,301855.46875,0.7898436294107765
1306,302929.6875,0.820723967111883
1307,304003.90625,0.7981794558131894
1308,305078.125,0.7807875691507651
1309,306152.34375,0.8032402339024923
1310,307226.5625,0.7672300768678734
1311,308300.78125,0.8275935397354653
1312,309375.0,0.8072010941958795
1313,310449.21875,0.7795611232374744
1314,311523.4375,0.7824616809144616
1315,312597.65625,0.8834049097768321
1316,313671.875,0.8095473494829305
1317,314746.09375,0.8027966601352208
1318,315820.3125,0.8388571218172647
1319,316894.53125,0.7891324516131468
1320,317968.75,0.7963459238556061
1321,319042.96875,0.8036415682793339
1322,320117.1875,0.8440278545386637
1323,321191.40625,0.8301563711361208
1324,322265.625,0.8117088786684692
1325,323339.84375,0.7806930948176566
1326,324414.0625,0.8449485627371809
1327,325488.28125,0.7900638615331819
1328,326562.5,0.8144004628284023
1329,327636.71875,0.787316385293914
1330,328710.9375,0.7807502597733635
1331,329785.15625,0.8046641974383438
1332,330859.375,0.7902939649486186
1333,331933.59375,0.8004446436570303
1334,333007.8125,0.7777643777875427
1335,334082.03125,0.7569369968546514
1336,335156.25,0.7915746741853164
1337,336230.46875,0.7624909303986804
1338,337304.6875,0.8193318868606955
1339,338378.90625,0.8556465811761599
1340,339453.125,0.8071229434371752
1341,340527.34375,0.8168737390723387
1342,341601.5625,0.7910872508414734
1343,342675.78125,0.7825728838665493
1344,343750.0,0.7736162254450392
1345,344824.21875,0.8464102191956294
1346,345898.4375,0.7957164802220393
1347,346972.65625,0.7810883133322606
1348,348046.875,0.8123750707750481
1349,349121.09375,0.7931143225734761
1350,350195.3125,0.8248885546224104
1351,351269.53125,0.7657803458126993
1352,352343.75,0.8066537793010512
1353,353417.96875,0.7842398976051004
1354,354492.1875,0.7827938815029445
1355,355566.40625,0.8482366469907288
1356,356640.625,0.7999561249867022
1357,357714.84375,0.7940712375367304
1358,358789.0625,0.7640572053352493
1359,359863.28125,0.7934198726918072
1360,360937.5,0.7538289242042658
1361,362011.71875,0.8451058267922174
1362,363085.9375,0.792141155548411
1363,364160.15625,0.8146966262193222
1364,365234.375,0.8406453208467894
1365,366308.59375,0.8344661437212012
1366,367382.8125,0.7617580744290523
1367,368457.03125,0.7859066814914857
1368,369531.25,0.8233968864036193
1369,370605.46875,0.8057718409144862
1370,371679.6875,0.81947708398892
1371,372753.90625,0.781710776222133
1372,373828.125,0.759215125655234
1373,374902.34375,0.7950867865662351
1374,375976.5625,0.7622727940337561
1375,377050.78125,0.8065942965763897
1376,378125.0,0.7855797681118256
1377,379199.21875,0.8413613451704638
1378,380273.4375,0.8205463653466891
1379,381347.65625,0.7874779416725254
1380,382421.875,0.7560279177370831
1381,383496.09375,0.7927799885201205
1382,384570.3125,0.7756306387686501
1383,385644.53125,0.7861109749524124
1384,386718.75,0.818026636733334
1385,387792.96875,0.7716944305388593
1386,388867.1875,0.7983076437728817
1387,389941.40625,0.7832222055046866
1388,391015.625,0.7946853878822662
1389,392089.84375,0.7688928973528272
1390,393164.0625,0.7948106369361159
1391,394238.28125,0.7905343207506301
1392,395312.5,0.8195374649696548
1393,396386.71875,0.8440655029892754
1394,397460.9375,0.8077348842472657
1395,398535.15625,0.7671472136979949
1396,399609.375,0.7650622135694284
1397,400683.59375,0.7865103871582443
1398,401757.8125,0.8126769905972657
1399,402832.03125,0.7861900017565799
1400,403906.25,0.7873746362358192
1401,404980.46875,0.8044904690495299
1402,406054.6875,0.8251758886168336
1403,407128.90625,0.7573841694103349
1404,408203.125,0.8240482273829427
1405,409277.34375,0.8108971008793672
1406,410351.5625,0.8416635284954987
1407,411425.78125,0.8365295237438835
1408,412500.0,0.787839446676612
1409,413574.21875,0.8401668621030352
1410,414648.4375,0.8558619986982496
1411,415722.65625,0.7963042849481146
1412,416796.875,0.7940550200312976
1413,417871.09375,0.8125167136166994
1414,418945.3125,0.7958464628088491
1415,420019.53125,0.8052783607347764
1416,421093.75,0.826956619589557
1417,422167.96875,0.7934927961578971
1418,423242.1875,0.7948683015837985
1419,424316.40625,0.783737706210083
1420,425390.625,0.7588402308165204
1421,426464.84375,0.8343640970615541
1422,427539.0625,0.7890831138231609
1423,428613.28125,0.7950399339931575
1424,429687.5,0.7824884742188887
1425,430761.71875,0.8492944630881696
1426,431835.9375,0.7813996276419206
1427,432910.15625,0.7796696218887135
1428,433984.375,0.7545392564190341
1429,435058.59375,0.7803185734143804
1430,436132.8125,0.7897705578947818
1431,437207.03125,0.7826552353497598
1432,438281.25,0.7865895269899705
1433,439355.46875,0.7881877386763543
1434,440429.6875,0.8087660236773422
1435,441503.90625,0.719705479099557
1436,442578.125,0.7763737606676759
1437,443652.34375,0.8153907708437929
1438,444726.5625,0.8103652052694386
1439,445800.78125,0.7794752962520248
1440,446875.0,0.7942432445563486
1441,447949.21875,0.7811460786446139
1442,449023.4375,0.7766933463142918
1443,450097.65625,0.8241799854490779
1444,451171.875,0.7959250388608476
1445,452246.09375,0.827611364800461
1446,453320.3125,0.8009852710840258
1447,454394.53125,0.8114228799913219
1448,455468.75,0.8481266332456834
1449,456542.96875,0.8037656481288902
1450,457617.1875,0.8119183021443701
1451,458691.40625,0.7924150672191468
1452,459765.625,0.8463928515719714
1453,460839.84375,0.8188793854788861
1454,461914.0625,0.8000515452274488
1455,462988.28125,0.8216757174195243
1456,464062.5,0.8033269133594556
1457,465136.71875,0.8098917672573452
1458,466210.9375,0.8130027885302928
1459,467285.15625,0.8251897092825968
1460,468359.375,0.8000034239487726
1461,469433.59375,0.8045185567248186
1462,470507.8125,0.8384056573918011
1463,471582.03125,0.8328446434745831
1464,472656.25,0.8510946462771808
1465,473730.46875,0.838882681302531
1466,474804.6875,0.8170801198159927
1467,475878.90625,0.8224816391387745
1468,476953.125,0.7772815744084407
1469,478027.34375,0.8247656945369053
1470,479101.5625,0.8156409181625214
1471,480175.78125,0.8073100929613212
1472,481250.0,0.8382044554932694
1473,482324.21875,0.8624213750363914
1474,483398.4375,0.7993764185497811
1475,484472.65625,0.8041842966656962
1476,485546.875,0.7865111523039187
1477,486621.09375,0.8401263909203927
1478,487695.3125,0.8011911396406313
1479,488769.53125,0.8120372727403866
1480,489843.75,0.8088429817310161
1481,490917.96875,0.8177570385206916
1482,491992.1875,0.8163148843878542
1483,493066.40625,0.8263691864339355
1484,494140.625,0.7717787483175969
1485,495214.84375,0.8183925715880257
1486,496289.0625,0.880458755975184
1487,497363.28125,0.8244028899591046
1488,498437.5,0.8031474891229802
1489,499511.71875,0.8496372617598597
1490,500585.9375,0.8127976612220751
1491,501660.15625,0.810450745701565
1492,502734.375,0.7941525816573344
1493,503808.59375,0.8453520365680677
1494,504882.8125,0.8305356118599246
1495,505957.03125,0.8482508928190724
1496,507031.25,0.8593268608819473
1497,508105.46875,0.8241664610776154
1498,509179.6875,0.8420880835087996
1499,510253.90625,0.8572635756350859
1500,511328.125,0.846929822976352
1501,512402.34375,0.8308589315804087
1502,513476.5625,0.8292763642820036
1503,514550.78125,0.831601488332698
1504,515625.0,0.7643790724792657
1505,516699.21875,0.8490819913349488
1506,517773.4375,0.8258879629770873
1507,518847.65625,0.8139521118245401
1508,519921.875,0.8633815335658621
1509,520996.09375,0.8304243773463406
1510,522070.3125,0.8542087626296878
1511,523144.53125,0.8362517962199235
1512,524218.75,0.8121876075624097
1513,525292.96875,0.8336798073723207
1514,526367.1875,0.9051871336999796
1515,527441.40625,0.8555444905620023
1516,528515.625,0.782926240662656
1517,529589.84375,0.8473295569761882
1518,530664.0625,0.8165701790647295
1519,531738.28125,0.8286172333736755
1520,532812.5,0.7883736771513081
1521,533886.71875,0.8350976390629167
1522,534960.9375,0.8428977269468431
1523,536035.15625,0.8553383950118052
1524,537109.375,0.8648916065148634
1525,538183.59375,0.8205481256235541
1526,539257.8125,0.8189044301494116
1527,540332.03125,0.8581853884096385
1528,541406.25,0.8000796262685821
1529,542480.46875,0.8830989028223063
1530,543554.6875,0.8163957309481268
1531,544628.90625,0.8885260353241307
1532,545703.125,0.8736063466035487
1533,546777.34375,0.8172134276989214
1534,547851.5625,0.8510215323278516
1535,548925.78125,0.8125709705713865
1536,550000.0,0.7793373625528611
1537,551074.21875,0.8338469090981377
1538,552148.4375,0.8458653461612902
1539,553222.65625,0.8312334942883449
1540,554296.875,0.8338709050531639
1541,555371.09375,0.8852350961091981
1542,556445.3125,0.8368874763296308
1543,557519.53125,0.8247991877519063
1544,558593.75,0.8512426711544294
1545,559667.96875,0.825762584442468
1546,560742.1875,0.8774220061518428
1547,561816.40625,0.8566800134291257
1548,562890.625,0.8595673815205499
1549,563964.84375,0.8532184670145883
1550,565039.0625,0.8321093230665781
1551,566113.28125,0.8557399822315935
1552,567187.5,0.8381141311554595
1553,568261.71875,0.8305197402549902
1554,569335.9375,0.8340440588528115
1555,570410.15625,0.8967343496436452
1556,571484.375,0.8285895977777362
1557,572558.59375,0.869553560458323
1558,573632.8125,0.8518147324175384
1559,574707.03125,0.8422156108022233
1560,575781.25,0.8878657923879116
1561,576855.46875,0.8657585096956351
1562,577929.6875,0.8811096672668515
1563,579003.90625,0.8571267038264682
1564,580078.125,0.8179897907456282
1565,581152.34375,0.8752871862863317
1566,582226.5625,0.8623163825775598
1567,583300.78125,0.8374918731374353
1568,584375.0,0.8696254046671134
1569,585449.21875,0.8355439970308337
1570,586523.4375,0.883445172035878
1571,587597.65625,0.8663238307216792
1572,588671.875,0.8475581713157223
1573,589746.09375,0.8948423339993432
1574,590820.3125,0.8374363183630166
1575,591894.53125,0.8712222996257014
1576,592968.75,0.8888119570012565
1577,594042.96875,0.8966578365175616
1578,595117.1875,0.8757566682975079
1579,596191.40625,0.8330808565122426
1580,597265.625,0.8640522058999898
1581,598339.84375,0.861760529877625
1582,599414.0625,0.9128667456802922
1583,600488.28125,0.8545346372635643
1584,601562.5,0.9022195995887716
1585,602636.71875,0.8353411491426184
1586,603710.9375,0.8708058957675202
1587,604785.15625,0.9159726046594262
1588,605859.375,0.8973827866478025
1589,606933.59375,0.8990845834113425
1590,608007.8125,0.8842101446429262
1591,609082.03125,0.8537989577198537
1592,610156.25,0.9097033521963879
1593,611230.46875,0.9101948582746231
1594,612304.6875,0.9015746972262814
1595,613378.90625,0.8693907014853487
1596,614453.125,0.8699514563001159
1597,615527.34375,0.8439068477048907
1598,616601.5625,0.874113957068375
1599,617675.78125,0.8570327359848874
1600,618750.0,0.8462893669985724
1601,619824.21875,0.8737443641880954
1602,620898.4375,0.8657564036567543
1603,621972.65625,0.8813913896028116
1604,623046.875,0.9090267542399282
1605,624121.09375,0.8089439448787772
1606,625195.3125,0.8428434171629389
1607,626269.53125,0.9257575758157639
1608,627343.75,0.8531148204768376
1609,628417.96875,0.8290717288828596
1610,629492.1875,0.9024943747943523
1611,630566.40625,0.8828199921445126
1612,631640.625,0.8432121512982217
1613,632714.84375,0.8641149975702088
1614,633789.0625,0.8541029827441853
1615,634863.28125,0.8839602540842055
1616,635937.5,0.8935727722083542
1617,637011.71875,0.9084569306228805
1618,638085.9375,0.9188428424445407
1619,639160.15625,0.8424843034713291
1620,640234.375,0.8635380705926403
1621,641308.59375,0.8875697456065949
1622,642382.8125,0.8966244944150183
1623,643457.03125,0.9006093775297225
1624,644531.25,0.8620365320896495
1625,645605.46875,0.9335915209066811
1626,646679.6875,0.8803042630985546
1627,647753.90625,0.8422872337549364
1628,648828.125,0.8740083499972179
1629,649902.34375,0.872052529638532
1630,650976.5625,0.8789348439453207
1631,652050.78125,0.876692421938233
1632,653125.0,0.8775548849228567
1633,654199.21875,0.8577626844736511
1634,655273.4375,0.8511865308019231
1635,656347.65625,0.876350079766557
1636,657421.875,0.830116780246705
1637,658496.09375,0.9031377218450977
1638,659570.3125,0.8896960915446126
1639,660644.53125,0.8670754626232696
1640,661718.75,0.8994104323117532
1641,662792.96875,0.8821051358421168
1642,663867.1875,0.8922832122855512
1643,664941.40625,0.8998919341585373
1644,666015.625,0.8835292966007166
1645,667089.84375,0.8666910358917225
1646,668164.0625,0.9062722210486812
1647,669238.28125,0.8590171717003303
1648,670312.5,0.8713843818966187
1649,671386.71875,0.933684395493272
1650,672460.9375,0.8578068923860234
1651,673535.15625,0.8795782075266219
1652,674609.375,0.8257864862061601
1653,675683.59375,0.8685055356455603
1654,676757.8125,0.8576929777029174
1655,677832.03125,0.8678538858709884
1656,678906.25,0.8469530381306704
1657,679980.46875,0.8495012888252195
1658,681054.6875,0.8593723064596719
1659,682128.90625,0.9069366223061248
1660,683203.125,0.8693357515192571
1661,684277.34375,0.8983462766448557
1662,685351.5625,0.8740393041719866
1663,686425.78125,0.8902343777106113
1664,687500.0,0.8458232119062796
1665,688574.21875,0.8655890288598949
1666,689648.4375,0.888514214790563
1667,690722.65625,0.92049332964092
1668,691796.875,0.8352265002696739
1669,692871.09375,0.8554841591289454
1670,693945.3125,0.8559676603249193
1671,695019.53125,0.8800193445055998
1672,696093.75,0.903128043482638
1673,697167.96875,0.8613405061236789
1674,698242.1875,0.8925265986673215
1675,699316.40625,0.8661933642068477
1676,700390.625,0.8516295569673343
1677,701464.84375,0.8810117261314262
1678,702539.0625,0.9073629697725253
1679,703613.28125,0.8306226155096909
1680,704687.5,0.8286404901341885
1681,705761.71875,0.8809981282479059
1682,706835.9375,0.8735923378455432
1683,707910.15625,0.8984411038563928
1684,708984.375,0.9257577115050266
1685,710058.59375,0.8802525909985219
1686,711132.8125,0.8796475861859124
1687,712207.03125,0.8432693377195087
1688,713281.25,0.9316574011138147
1689,714355.46875,0.8469254960240189
1690,715429.6875,0.9023828965236426
1691,716503.90625,0.8830095262845303
1692,717578.125,0.8800935333542232
1693,718652.34375,0.8158597103830787
1694,719726.5625,0.8646982417181369
1695,720800.78125,0.8442942195541357
1696,721875.0,0.8414330066573269
1697,722949.21875,0.8472852448141792
1698,724023.4375,0.8960688674672802
1699,725097.65625,0.8774000551405264
1700,726171.875,0.8324835773689511
1701,727246.09375,0.8337065593704609
1702,728320.3125,0.890635168909438
1703,729394.53125,0.8899313543045793
1704,730468.75,0.7987697765492195
1705,731542.96875,0.8621770541615291
1706,732617.1875,0.8734557401148176
1707,733691.40625,0.8505891439735638
1708,734765.625,0.9006921299242121
1709,735839.84375,0.8503633949906726
1710,736914.0625,0.8287012650308958
1711,737988.28125,0.8670819648444693
1712,739062.5,0.8519832126779188
1713,740136.71875,0.8108907332431086
1714,741210.9375,0.8359594115346316
1715,742285.15625,0.8471905760670838
1716,743359.375,0.852866840507683
1717,744433.59375,0.8739705924912388
1718,745507.8125,0.81747802608369
1719,746582.03125,0.8094356054189212
1720,747656.25,0.8818697827515569
1721,748730.46875,0.8522693490407824
1722,749804.6875,0.8462839478790973
1723,750878.90625,0.8572544317224435
1724,751953.125,0.8803757226645923
1725,753027.34375,0.8529886109295581
1726,754101.5625,0.8255925019784743
1727,755175.78125,0.8306874505693194
1728,756250.0,0.8501271674217167
1729,757324.21875,0.8029172899054248
1730,758398.4375,0.8201971205304812
1731,759472.65625,0.835962950273792
1732,760546.875,0.8039065137620836
1733,761621.09375,0.7833573493597696
1734,762695.3125,0.8671871839109602
1735,763769.53125,0.824148583498627
1736,764843.75,0.8399616785040837
1737,765917.96875,0.8272018935683806
1738,766992.1875,0.8494473653904068
1739,768066.40625,0.7937261579462944
1740,769140.625,0.8154886055541041
1741,770214.84375,0.7912949413847121
1742,771289.0625,0.8135490441000134
1743,772363.28125,0.8256801379658757
1744,773437.5,0.7995421034289845
1745,774511.71875,0.8352353977061019
1746,775585.9375,0.8263985162865005
1747,776660.15625,0.825784859772643
1748,777734.375,0.7980818034443503
1749,778808.59375,0.8600866745951496
1750,779882.8125,0.801069469362702
1751,780957.03125,0.8008493621214602
1752,782031.25,0.8325488193445514
1753,783105.46875,0.823701157286842
1754,784179.6875,0.7871857474776831
1755,785253.90625,0.8180183394908389
1756,786328.125,0.810643292754308
1757,787402.34375,0.7640702201361278
1758,788476.5625,0.78507114985501
1759,789550.78125,0.7266547791234083
1760,790625.0,0.8086657847414693
1761,791699.21875,0.7583797316524965
1762,792773.4375,0.8249286868357368
1763,793847.65625,0.7900967899395108
1764,794921.875,0.7812008030202001
1765,795996.09375,0.7947702898030016
1766,797070.3125,0.7652740124324465
1767,798144.53125,0.7939970026783196
1768,799218.75,0.77843029959675
1769,800292.96875,0.7303971106386725
1770,801367.1875,0.7753229028020725
1771,802441.40625,0.7897101261348284
1772,803515.625,0.7717440784779486
1773,804589.84375,0.7677452018908182
1774,805664.0625,0.746180366467385
1775,806738.28125,0.7954298857190159
1776,807812.5,0.7522594597172105
1777,808886.71875,0.7921917697029163
1778,809960.9375,0.7354410533393915
1779,811035.15625,0.7989629245080917
1780,812109.375,0.7789625671922076
1781,813183.59375,0.7752460671078159
1782,814257.8125,0.798730395242284
1783,815332.03125,0.7862137929261903
1784,816406.25,0.7549518031469296
1785,817480.46875,0.7812725700664647
1786,818554.6875,0.7425248380164747
1787,819628.90625,0.7439279613038775
1788,820703.125,0.7052842281030077
1789,821777.34375,0.7653260194683917
1790,822851.5625,0.7702550247082453
1791,823925.78125,0.7665694683246689
1792,825000.0,0.7748725751023589
1793,826074.21875,0.7441722045083883
1794,827148.4375,0.7290947438757115
1795,828222.65625,0.7397369029360407
1796,829296.875,0.782038220607232
1797,830371.09375,0.8030683994102401
1798,831445.3125,0.7175239662348466
1799,832519.53125,0.7206665425814693
1800,833593.75,0.7373958763239925
1801,834667.96875,0.7181410097253207
1802,835742.1875,0.7490571999436673
1803,836816.40625,0.7353354638626419
1804,837890.625,0.7471839154492322
1805,838964.84375,0.746429964577368
1806,840039.0625,0.7671302734062669
1807,841113.28125,0.6566191146806402
1808,842187.5,0.7043610420500022
1809,843261.71875,0.6981098247731222
1810,844335.9375,0.6929004280569969
1811,845410.15625,0.7061416508236628
1812,846484.375,0.7055072233360666
1813,847558.59375,0.7089224227232204
1814,848632.8125,0.670663206453421
1815,849707.03125,0.684040700548043
1816,850781.25,0.7295264026700665
1817,851855.46875,0.6873305177281013
1818,852929.6875,0.7209947878839611
1819,854003.90625,0.665814006354871
1820,855078.125,0.7146362356367871
1821,856152.34375,0.6793040100930517
1822,857226.5625,0.6876170890906755
1823,858300.78125,0.7094321090264053
1824,859375.0,0.712212731523862
1825,860449.21875,0.7061535037901469
1826,861523.4375,0.6779101566264353
1827,862597.65625,0.7031800075841946
1828,863671.875,0.6257810651742564
1829,864746.09375,0.6757232261962547
1830,865820.3125,0.6707639122116789
1831,866894.53125,0.6574880543841108
1832,867968.75,0.6212564685229891
1833,869042.96875,0.6731896700707384
1834,870117.1875,0.6804017721057277
1835,871191.40625,0.6751087028619719
1836,872265.625,0.7273621122755519
1837,873339.84375,0.6782712159182662
1838,874414.0625,0.6563830331166176
1839,875488.28125,0.6805317563201413
1840,876562.5,0.6898095041654119
1841,877636.71875,0.706434181799875
1842,878710.9375,0.6885446035311242
1843,879785.15625,0.6416488871273962
1844,880859.375,0.64208392009833
1845,881933.59375,0.6181081026908831
1846,883007.8125,0.679574874405066
1847,884082.03125,0.6567935419772267
1848,885156.25,0.6347573942262432
1849,886230.46875,0.6186475349229374
1850,887304.6875,0.5968373360863392
1851,888378.90625,0.6311863623544197
1852,889453.125,0.6378174579758236
1853,890527.34375,0.607744614236248
1854,891601.5625,0.5950150736487455
1855,892675.78125,0.6333999395440533
1856,893750.0,0.6201226230785293
1857,894824.21875,0.6006532582740598
1858,895898.4375,0.602740014530568
1859,896972.65625,0.5846379162574322
1860,898046.875,0.615155645329454
1861,899121.09375,0.6083838817497164
1862,900195.3125,0.5840751076502633
1863,901269.53125,0.5752011487168304
1864,902343.75,0.6238963599233227
1865,903417.96875,0.6048319101807108
1866,904492.1875,0.5978037885074058
1867,905566.40625,0.5669377668622336
1868,906640.625,0.5753483740023305
1869,907714.84375,0.5862444601425287
1870,908789.0625,0.6184433066502243
1871,909863.28125,0.5526897775087671
1872,910937.5,0.567017693261274
1873,912011.71875,0.5722985342252028
1874,913085.9375,0.5681834256016004
1875,914160.15625,0.5734673325030534
1876,915234.375,0.5872303030140998
1877,916308.59375,0.589504191693073
1878,917382.8125,0.5656957364627291
1879,918457.03125,0.5837355626828112
1880,919531.25,0.5332252650536647
1881,920605.46875,0.5547022786317334
1882,921679.6875,0.5485712570709299
1883,922753.90625,0.5775282324574065
1884,923828.125,0.5561485384245283
1885,924902.34375,0.5462726003372484
1886,925976.5625,0.5389820793416645
1887,927050.78125,0.5341559076876803
1888,928125.0,0.5303713433681214
1889,929199.21875,0.5644595622402414
1890,930273.4375,0.5573603858370961
1891,931347.65625,0.5175702462402588
1892,932421.875,0.5482089761313061
1893,933496.09375,0.56310953758137
1894,934570.3125,0.4950637127935046
1895,935644.53125,0.5206531654005498
1896,936718.75,0.5218891978000595
1897,937792.96875,0.541051807384647
1898,938867.1875,0.5090545599556178
1899,939941.40625,0.5330831335078304
1900,941015.625,0.5040942608160018
1901,942089.84375,0.5168851257725563
1902,943164.0625,0.5051418807442247
1903,944238.28125,0.49490820962261817
1904,945312.5,0.5003280097289808
1905,946386.71875,0.5016394416944538
1906,947460.9375,0.5075175311555927
1907,948535.15625,0.4987420012742356
1908,949609.375,0.47263750012518935
1909,950683.59375,0.5010018588281004
1910,951757.8125,0.4963932151158474
1911,952832.03125,0.488074297314565
1912,953906.25,0.4926447000349782
1913,954980.46875,0.4776047737712141
1914,956054.6875,0.49351671119284063
1915,957128.90625,0.47947032816283874
1916,958203.125,0.48249807454117666
1917,959277.34375,0.4890868320472815
1918,960351.5625,0.5033788351143063
1919,961425.78125,0.4911867518533389
1920,962500.0,0.4779175280505813
1921,963574.21875,0.46044437861285614
1922,964648.4375,0.46105349653168815
1923,965722.65625,0.45447432618345535
1924,966796.875,0.4605638078735794
1925,967871.09375,0.43368913031657025
1926,968945.3125,0.4513676554969572
1927,970019.53125,0.46587541349470185
1928,971093.75,0.446248187905183
1929,972167.96875,0.45196771626567517
1930,973242.1875,0.4411548689297859
1931,974316.40625,0.449553600474284
1932,975390.625,0.4553372714320133
1933,976464.84375,0.43783191366260893
1934,977539.0625,0.43456239299978916
1935,978613.28125,0.4513200140772476
1936,979687.5,0.4595237034766562
1937,980761.71875,0.44744599778135785
1938,981835.9375,0.44480172091433307
1939,982910.15625,0.43135863478458564
1940,983984.375,0.41932494291612477
1941,985058.59375,0.41614637401259574
1942,986132.8125,0.45839728760981713
1943,987207.03125,0.4097078819969693
1944,988281.25,0.40743819124593894
1945,989355.46875,0.42698247687648755
1946,990429.6875,0.4226113318077277
1947,991503.90625,0.4281848122921937
1948,992578.125,0.41067513860293287
1949,993652.34375,0.41411124680455236
1950,994726.5625,0.40189087439102167
1951,995800.78125,0.41583224502717997
1952,996875.0,0.39073502909724
1953,997949.21875,0.41194192777295896
1954,999023.4375,0.40849359481122705
1955,1000097.65625,0.4028618588570683
1956,1001171.875,0.40638249885476324
1957,1002246.09375,0.3818730613719843
1958,1003320.3125,0.3780147193563906
1959,1004394.53125,0.4019012754907991
1960,1005468.75,0.38846241993546504
1961,1006542.96875,0.3808539300743405
1962,1007617.1875,0.39188699860921666
1963,1008691.40625,0.4007714118709212
1964,1009765.625,0.382897701232136
1965,1010839.84375,0.3785556704276294
1966,1011914.0625,0.3912449094968535
1967,1012988.28125,0.40450177608733345
1968,1014062.5,0.3801438290984963
1969,1015136.71875,0.3723115615752264
1970,1016210.9375,0.36152613281179474
1971,1017285.15625,0.3705123406702068
1972,1018359.375,0.3875660052124283
1973,1019433.59375,0.361645116087441
1974,1020507.8125,0.36896689753709916
1975,1021582.03125,0.3695731096807356
1976,1022656.25,0.35233892090299906
1977,1023730.46875,0.3676124031720022
1978,1024804.6875,0.368189380366263
1979,1025878.90625,0.36073993454361764
1980,1026953.125,0.3881008441301171
1981,1028027.34375,0.3689316731361443
1982,1029101.5625,0.37253899171480676
1983,1030175.78125,0.35200685666643616
1984,1031250.0,0.3720414090783465
1985,1032324.21875,0.3468511576837793
1986,1033398.4375,0.35532802188509877
1987,1034472.65625,0.34242952348610683
1988,1035546.875,0.34164850711373834
1989,1036621.09375,0.3568535466541416
1990,1037695.3125,0.346657825223611
1991,1038769.53125,0.34730444263228233
1992,1039843.75,0.3408094834199277
1993,1040917.96875,0.36694907912371405
1994,1041992.1875,0.34591970566185565
1995,1043066.40625,0.34816856807314683
1996,1044140.625,0.3399975475722576
1997,1045214.84375,0.3240799056611658
1998,1046289.0625,0.34802427556566706
1999,1047363.28125,0.33978065665016094
2000,1048437.5,0.35501940598947074
2001,1049511.71875,0.33518316224123695
2002,1050585.9375,0.3321832908168665
2003,1051660.15625,0.34083762625638986
2004,1052734.375,0.3326406030267437
2005,1053808.59375,0.3371923389214806
2006,1054882.8125,0.32376122394852996
2007,1055957.03125,0.3137688732902705
2008,1057031.25,0.3340019828035207
2009,1058105.46875,0.34312555598496286
2010,1059179.6875,0.3477196029196903
2011,1060253.90625,0.3189282005443148
2012,1061328.125,0.3246240292992488
2013,1062402.34375,0.34943320894228025
2014,1063476.5625,0.32490164219760864
2015,1064550.78125,0.3311593947013134
2016,1065625.0,0.3168043872303144
2017,1066699.21875,0.31904381378733543
2018,1067773.4375,0.31907494583537216
2019,1068847.65625,0.3162508238369336
2020,1069921.875,0.313173219136334
2021,1070996.09375,0.33649637527420895
2022,1072070.3125,0.3138807384661642
2023,1073144.53125,0.3120673939924951
2024,1074218.75,0.31994260292628474
2025,1075292.96875,0.3400154444530387
2026,1076367.1875,0.318487119720624
2027,1077441.40625,0.33820820993132217
2028,1078515.625,0.3294702939784871
2029,1079589.84375,0.3146961093667886
2030,1080664.0625,0.3155191404914092
2031,1081738.28125,0.3355547335907507
2032,1082812.5,0.31615161099498623
2033,1083886.71875,0.31225405315524535
2034,1084960.9375,0.32613102306034214
2035,1086035.15625,0.3171922754236373
2036,1087109.375,0.32177379915721105
2037,1088183.59375,0.31136551921786765
2038,1089257.8125,0.3247607974097558
2039,1090332.03125,0.3413153036008273
2040,1091406.25,0.32855094014736475
2041,1092480.46875,0.3165668643125677
2042,1093554.6875,0.33793043585897364
2043,1094628.90625,0.3296159075760121
2044,1095703.125,0.33376543140442644
2045,1096777.34375,0.30523045237433893
2046,1097851.5625,0.3179374259370846
2047,1098925.78125,0.31879958574154577
