,f,a
0,-1100000.0,11.19711391416949
1,-1098925.78125,11.149912639321759
2,-1097851.5625,11.192441694814654
3,-1096777.34375,11.306295277614653
4,-1095703.125,11.262404848242697
5,-1094628.90625,11.22466267892855
6,-1093554.6875,11.26307649320815
7,-1092480.46875,11.244799984661602
8,-1091406.25,11.02643871733257
9,-1090332.03125,11.162906188757992
10,-1089257.8125,11.116418534184097
11,-1088183.59375,11.448252926451959
12,-1087109.375,11.304752738701366
13,-1086035.15625,11.341922310012276
14,-1084960.9375,11.065917441837758
15,-1083886.71875,10.922064975724897
16,-1082812.5,11.382970343388152
17,-1081738.28125,11.275875639039247
18,-1080664.0625,11.14948284354304
19,-1079589.84375,11.503015064410413
20,-1078515.625,11.303021008934632
21,-1077441.40625,11.324591289947437
22,-1076367.1875,11.381536730096323
23,-1075292.96875,11.502236999778141
24,-1074218.75,11.557898501283908
25,-1073144.53125,11.345647273299116
26,-1072070.3125,11.344126331499435
27,-1070996.09375,11.41349684985474
28,-1069921.875,11.498183945238955
29,-1068847.65625,11.39193637640673
30,-1067773.4375,11.508906877025403
31,-1066699.21875,11.311598184599656
32,-1065625.0,11.557122167966453
33,-1064550.78125,11.57737946533245
34,-1063476.5625,11.584427523767381
35,-1062402.34375,11.76710516585255
36,-1061328.125,11.6074316977748
37,-1060253.90625,11.709994582111127
38,-1059179.6875,11.50897873215042
39,-1058105.46875,11.420575793685634
40,-1057031.25,11.625501343595577
41,-1055957.03125,11.573527095234432
42,-1054882.8125,11.761247620939677
43,-1053808.59375,11.770011912368208
44,-1052734.375,11.904448738324636
45,-1051660.15625,11.87280201363384
46,-1050585.9375,11.896758466463329
47,-1049511.71875,12.067205886112445
48,-1048437.5,12.07750123011696
49,-1047363.28125,12.326139137216368
50,-1046289.0625,11.780719757748377
51,-1045214.84375,12.07041339090412
52,-1044140.625,12.021965083212182
53,-1043066.40625,12.210846373590684
54,-1041992.1875,12.086039749220468
55,-1040917.96875,12.242965217608086
56,-1039843.75,12.034804430629714
57,-1038769.53125,12.128330858177522
58,-1037695.3125,12.255337192622571
59,-1036621.09375,12.501763566906469
60,-1035546.875,12.344493149718877
61,-1034472.65625,12.536794745671013
62,-1033398.4375,12.340118441717793
63,-1032324.21875,12.616775614240435
64,-1031250.0,12.435064389161742
65,-1030175.78125,12.964772460116889
66,-1029101.5625,13.703402341265958
67,-1028027.34375,12.76410230885246
68,-1026953.125,12.841815914249299
69,-1025878.90625,12.933596749452267
70,-1024804.6875,12.93615005617303
71,-1023730.46875,12.93338674010897
72,-1022656.25,12.878906092183987
73,-1021582.03125,13.15516660832566
74,-1020507.8125,13.165095733343284
75,-1019433.59375,12.964626681135815
76,-1018359.375,13.249417329194316
77,-1017285.15625,13.243765322238614
78,-1016210.9375,13.388096521557198
79,-1015136.71875,13.370569650904299
80,-1014062.5,13.889625359584985
81,-1012988.28125,13.50341518587227
82,-1011914.0625,13.683896379430474
83,-1010839.84375,13.93022704273342
84,-1009765.625,13.876819475522597
85,-1008691.40625,13.911904427126972
86,-1007617.1875,13.674035893150881
87,-1006542.96875,13.845932158206613
88,-1005468.75,14.069292814037594
89,-1004394.53125,14.113649631699401
90,-1003320.3125,14.257000294553885
91,-1002246.09375,14.30273370265182
92,-1001171.875,14.410519535723738
93,-1000097.65625,14.22702410804542
94,-999023.4375,14.359244999693722
95,-997949.21875,14.432259350700676
96,-996875.0,14.570020531945335
97,-995800.78125,14.27725749232661
98,-994726.5625,14.629051353432843
99,-993652.34375,14.980205037721209
100,-992578.125,14.757641901627622
101,-991503.90625,14.778785738688011
102,-990429.6875,14.929615436709666
103,-989355.46875,15.027029205383037
104,-988281.25,15.047974134969298
105,-987207.03125,15.261120792170145
106,-986132.8125,15.548964066807638
107,-985058.59375,15.229705618605047
108,-983984.375,15.281154449121432
109,-982910.15625,15.678445537088031
110,-981835.9375,15.572726399421553
111,-980761.71875,15.594002840403496
112,-979687.5,15.926988107890452
113,-978613.28125,16.05849534800849
114,-977539.0625,16.201213412171622
115,-976464.84375,15.985724722571312
116,-975390.625,16.183280034176924
117,-974316.40625,16.00509924211893
118,-973242.1875,15.966332419379043
119,-972167.96875,16.318669513909537
120,-971093.75,16.404083919806165
121,-970019.53125,16.382948476638436
122,-968945.3125,16.50682525181759
123,-967871.09375,16.524559461596695
124,-966796.875,16.713114440756485
125,-965722.65625,16.88318729897132
126,-964648.4375,16.77273576459854
127,-963574.21875,16.82261617024039
128,-962500.0,16.660101342292837
129,-961425.78125,17.514774494135853
130,-960351.5625,17.336009145805406
131,-959277.34375,17.428986447341728
132,-958203.125,17.284293042595227
133,-957128.90625,17.75555839252154
134,-956054.6875,17.86125937640784
135,-954980.46875,17.44321726694916
136,-953906.25,17.977612302421342
137,-952832.03125,17.973801121527984
138,-951757.8125,18.206383809487935
139,-950683.59375,18.244969390727675
140,-949609.375,18.215488146210426
141,-948535.15625,18.171208130590234
142,-947460.9375,18.21597732812866
143,-946386.71875,18.36293668195628
144,-945312.5,18.618086321849777
145,-944238.28125,18.738235384591253
146,-943164.0625,18.446998809646544
147,-942089.84375,19.0097085050041
148,-941015.625,19.102993649007644
149,-939941.40625,18.9107555173488
150,-938867.1875,19.006109680187098
151,-937792.96875,19.3121657941388
152,-936718.75,19.1588184997578
153,-935644.53125,19.5163829987697
154,-934570.3125,19.407589077046104
155,-933496.09375,19.517269690037402
156,-932421.875,19.309792156796078
157,-931347.65625,19.691810348161553
158,-930273.4375,19.662889811024424
159,-929199.21875,19.655396060881998
160,-928125.0,19.778455744076595
161,-927050.78125,20.051813010135124
162,-925976.5625,20.149324941809084
163,-924902.34375,20.162043108679843
164,-923828.125,20.62446912574027
165,-922753.90625,20.15806034269232
166,-921679.6875,20.773177821275794
167,-920605.46875,20.354785157513597
168,-919531.25,20.759237364149747
169,-918457.03125,20.882884909632473
170,-917382.8125,20.672741250482307
171,-916308.59375,20.96475924271856
172,-915234.375,20.980562325183538
173,-914160.15625,21.284033459975543
174,-913085.9375,21.35057687569802
175,-912011.71875,21.447157753745593
176,-910937.5,21.26054111217778
177,-909863.28125,21.60422359664969
178,-908789.0625,21.968109366397826
179,-907714.84375,21.898096074750878
180,-906640.625,21.63123278993263
181,-905566.40625,21.766508490047794
182,-904492.1875,22.18856565788425
183,-903417.96875,22.050583673297698
184,-902343.75,22.340500263957917
185,-901269.53125,22.456135805947596
186,-900195.3125,22.538646961626064
187,-899121.09375,22.764134623712323
188,-898046.875,22.686319467689724
189,-896972.65625,22.780398948767747
190,-895898.4375,22.69817337345118
191,-894824.21875,23.045920229404636
192,-893750.0,23.020444950153827
193,-892675.78125,22.910005429765334
194,-891601.5625,23.469792416362143
195,-890527.34375,23.428401884041588
196,-889453.125,23.589508108067037
197,-888378.90625,23.431333558720077
198,-887304.6875,23.7693337451003
199,-886230.46875,23.667728546750684
200,-885156.25,23.462813601797556
201,-884082.03125,23.895403028394135
202,-883007.8125,23.622059381811752
203,-881933.59375,24.345305887930277
204,-880859.375,24.013961052258836
205,-879785.15625,24.428787993223885
206,-878710.9375,24.698989225222988
207,-877636.71875,24.761091340210204
208,-876562.5,24.977984453455438
209,-875488.28125,24.286038525523853
210,-874414.0625,24.437360729552868
211,-873339.84375,24.76691172480767
212,-872265.625,24.934620775838347
213,-871191.40625,24.788341617536883
214,-870117.1875,25.110230420350703
215,-869042.96875,25.27009830874748
216,-867968.75,25.32377230156462
217,-866894.53125,25.622301211667132
218,-865820.3125,25.361250297755017
219,-864746.09375,25.642752808512693
220,-863671.875,25.825954694599616
221,-862597.65625,26.353543642401117
222,-861523.4375,26.062411534626165
223,-860449.21875,25.9876804978171
224,-859375.0,26.107827084757876
225,-858300.78125,26.077768035334522
226,-857226.5625,26.263179052095207
227,-856152.34375,26.532910516799102
228,-855078.125,26.332313789769827
229,-854003.90625,26.91691665180684
230,-852929.6875,26.560909306869398
231,-851855.46875,27.196370907192303
232,-850781.25,26.891629881293333
233,-849707.03125,26.661344419172423
234,-848632.8125,26.957176484249278
235,-847558.59375,27.004012624826352
236,-846484.375,26.991738519856533
237,-845410.15625,27.211208374608837
238,-844335.9375,27.74107338281895
239,-843261.71875,27.521940982874273
240,-842187.5,27.546094686016534
241,-841113.28125,27.75614214688067
242,-840039.0625,28.066625294454553
243,-838964.84375,27.590683850019694
244,-837890.625,27.807740632957486
245,-836816.40625,28.228382081022065
246,-835742.1875,28.131892004292784
247,-834667.96875,27.4972197765393
248,-833593.75,28.08578248736838
249,-832519.53125,27.96072159295425
250,-831445.3125,27.95528876940354
251,-830371.09375,28.564559418978398
252,-829296.875,28.827709561765072
253,-828222.65625,28.545949376553345
254,-827148.4375,29.072217065312657
255,-826074.21875,28.59023070760192
256,-825000.0,28.97748541066645
257,-823925.78125,29.281927135220375
258,-822851.5625,29.638743168009473
259,-821777.34375,29.045951358620524
260,-820703.125,28.87395961275195
261,-819628.90625,29.183674594342843
262,-818554.6875,29.413618641504534
263,-817480.46875,29.331119385954743
264,-816406.25,29.527140050065693
265,-815332.03125,29.581742525506236
266,-814257.8125,29.691361617455154
267,-813183.59375,29.112131565335794
268,-812109.375,30.04613594294385
269,-811035.15625,29.74287950134458
270,-809960.9375,30.139948768752937
271,-808886.71875,30.241431170159263
272,-807812.5,30.153655583733013
273,-806738.28125,30.176066282694542
274,-805664.0625,30.617097287525656
275,-804589.84375,30.632015706369742
276,-803515.625,30.17547754704601
277,-802441.40625,30.41375971403225
278,-801367.1875,30.590265968868604
279,-800292.96875,30.940787838097172
280,-799218.75,30.82586806368083
281,-798144.53125,31.174187044216435
282,-797070.3125,30.98855392797364
283,-795996.09375,30.755360046886686
284,-794921.875,31.210161658877595
285,-793847.65625,30.936925054047396
286,-792773.4375,31.273509734706632
287,-791699.21875,30.86303941067684
288,-790625.0,31.28641021938091
289,-789550.78125,31.427527058077928
290,-788476.5625,31.435181048851128
291,-787402.34375,31.335207669065877
292,-786328.125,32.21728691650844
293,-785253.90625,31.986833078549964
294,-784179.6875,31.79068173984715
295,-783105.46875,31.434286487068537
296,-782031.25,31.657927129617153
297,-780957.03125,31.717830357851426
298,-779882.8125,32.145154867834314
299,-778808.59375,32.303432741925015
300,-777734.375,31.925484186176707
301,-776660.15625,31.718485599650005
302,-775585.9375,31.875562827734473
303,-774511.71875,32.198678975976236
304,-773437.5,31.856415153209078
305,-772363.28125,32.20830317566464
306,-771289.0625,32.60701138477202
307,-770214.84375,31.687550596359284
308,-769140.625,32.68781396332918
309,-768066.40625,32.410971770521606
310,-766992.1875,32.30228623544293
311,-765917.96875,32.20315685091445
312,-764843.75,32.42301280259593
313,-763769.53125,32.88635518083462
314,-762695.3125,32.583855995657345
315,-761621.09375,32.23736417439129
316,-760546.875,32.529477087672284
317,-759472.65625,32.98346335952454
318,-758398.4375,33.25454246105642
319,-757324.21875,33.56705848863811
320,-756250.0,32.762738243702294
321,-755175.78125,32.94937894797476
322,-754101.5625,33.54686506550646
323,-753027.34375,33.740255600421165
324,-751953.125,33.13543007176678
325,-750878.90625,33.216427187696645
326,-749804.6875,33.730568230324224
327,-748730.46875,33.159146787979154
328,-747656.25,32.82727968422759
329,-746582.03125,33.502672233174195
330,-745507.8125,33.2641293801463
331,-744433.59375,33.6815162912631
332,-743359.375,33.21485983015777
333,-742285.15625,33.22020734886446
334,-741210.9375,33.38992749914074
335,-740136.71875,33.86473639626645
336,-739062.5,34.044780291659954
337,-737988.28125,33.631900384894536
338,-736914.0625,33.695356716113544
339,-735839.84375,33.75664716302043
340,-734765.625,33.768271939904466
341,-733691.40625,34.15783216630545
342,-732617.1875,33.67134005694371
343,-731542.96875,34.086391387853524
344,-730468.75,34.29735047187042
345,-729394.53125,33.87937710536706
346,-728320.3125,34.5308251043878
347,-727246.09375,33.78605496428983
348,-726171.875,33.71450247569574
349,-725097.65625,34.17501783597422
350,-724023.4375,34.342717129320874
351,-722949.21875,34.67135781316442
352,-721875.0,33.69420065050923
353,-720800.78125,34.84861532268673
354,-719726.5625,34.02065025699819
355,-718652.34375,34.231794398499446
356,-717578.125,34.01061294132493
357,-716503.90625,34.36706323315135
358,-715429.6875,34.69776933060842
359,-714355.46875,34.62377608216639
360,-713281.25,34.75647015942858
361,-712207.03125,34.41623905379277
362,-711132.8125,34.925229099081214
363,-710058.59375,34.78419243174836
364,-708984.375,34.68098296071424
365,-707910.15625,34.94925514184121
366,-706835.9375,34.62421437652038
367,-705761.71875,34.99433329814531
368,-704687.5,34.50684086930241
369,-703613.28125,34.637333338703876
370,-702539.0625,35.03900409539259
371,-701464.84375,35.56314479065421
372,-700390.625,34.7193939741766
373,-699316.40625,34.520938817557074
374,-698242.1875,34.62722163275741
375,-697167.96875,35.088232437071376
376,-696093.75,34.72457187133655
377,-695019.53125,34.89293854040299
378,-693945.3125,34.67764618756821
379,-692871.09375,35.01071941727977
380,-691796.875,34.434519044221155
381,-690722.65625,34.95408321910656
382,-689648.4375,34.84627019179875
383,-688574.21875,34.86457840996468
384,-687500.0,35.443547962777195
385,-686425.78125,34.75392801295382
386,-685351.5625,34.969126981729886
387,-684277.34375,34.59551690176593
388,-683203.125,35.13939027451874
389,-682128.90625,35.63484364371212
390,-681054.6875,35.429422684623
391,-679980.46875,34.81739247291017
392,-678906.25,34.390331714535904
393,-677832.03125,35.11261340124673
394,-676757.8125,35.30866836019173
395,-675683.59375,35.24821682879632
396,-674609.375,35.03734595298693
397,-673535.15625,34.81153725122266
398,-672460.9375,35.06220761425756
399,-671386.71875,34.60848089050621
400,-670312.5,34.959510298050745
401,-669238.28125,35.402578708635815
402,-668164.0625,35.432894555864365
403,-667089.84375,34.91172642111089
404,-666015.625,35.66516314256485
405,-664941.40625,34.185975285170606
406,-663867.1875,35.20104452844513
407,-662792.96875,35.09727084627151
408,-661718.75,34.89047165499822
409,-660644.53125,34.75417630426138
410,-659570.3125,35.12718824400721
411,-658496.09375,34.85397163217021
412,-657421.875,35.45608278662131
413,-656347.65625,35.360672515809235
414,-655273.4375,35.368859962001245
415,-654199.21875,35.569569348796016
416,-653125.0,35.621218216305174
417,-652050.78125,35.059947170852844
418,-650976.5625,34.618334905505655
419,-649902.34375,35.010178943542186
420,-648828.125,35.70449193479912
421,-647753.90625,34.969069247450484
422,-646679.6875,35.17190721691984
423,-645605.46875,36.13884519566536
424,-644531.25,34.893517302007226
425,-643457.03125,34.89971498517472
426,-642382.8125,35.355179277398555
427,-641308.59375,34.88862051342261
428,-640234.375,35.420108356553094
429,-639160.15625,34.0254016168213
430,-638085.9375,35.48343403574634
431,-637011.71875,34.93603173046525
432,-635937.5,34.81642919481442
433,-634863.28125,35.12375545580578
434,-633789.0625,34.76722165850066
435,-632714.84375,34.4619191362905
436,-631640.625,35.197102342838555
437,-630566.40625,34.67369505548475
438,-629492.1875,34.84390855159192
439,-628417.96875,34.58577233140271
440,-627343.75,35.09676933916728
441,-626269.53125,35.38077705307149
442,-625195.3125,34.78159177062675
443,-624121.09375,34.94724984457107
444,-623046.875,34.36677998063687
445,-621972.65625,34.97594427771743
446,-620898.4375,35.51329354001605
447,-619824.21875,34.77878580937258
448,-618750.0,34.681545470013724
449,-617675.78125,35.47438564714438
450,-616601.5625,35.103801235029266
451,-615527.34375,34.46350479066967
452,-614453.125,35.002023294686936
453,-613378.90625,34.80643803070476
454,-612304.6875,34.80016701288272
455,-611230.46875,34.63771932740948
456,-610156.25,34.50671191696236
457,-609082.03125,34.18214535505211
458,-608007.8125,35.01199152633379
459,-606933.59375,34.9029528459226
460,-605859.375,34.38453034628937
461,-604785.15625,34.433632217605194
462,-603710.9375,35.048104503540145
463,-602636.71875,34.374616565704244
464,-601562.5,35.046435540888965
465,-600488.28125,33.72680372975699
466,-599414.0625,34.72837311937121
467,-598339.84375,34.478046000006145
468,-597265.625,34.08950764851708
469,-596191.40625,34.86044515509056
470,-595117.1875,34.48312970469615
471,-594042.96875,35.06337580144996
472,-592968.75,34.668859148384286
473,-591894.53125,34.18221742294756
474,-590820.3125,33.92795339501306
475,-589746.09375,34.0524281445938
476,-588671.875,34.030925511827235
477,-587597.65625,34.090559432763335
478,-586523.4375,34.47397528845189
479,-585449.21875,34.330840911322326
480,-584375.0,34.11746578770481
481,-583300.78125,34.806947914898004
482,-582226.5625,35.00112572195806
483,-581152.34375,34.03554027449971
484,-580078.125,33.97024005958218
485,-579003.90625,34.12630620904426
486,-577929.6875,34.2524790049208
487,-576855.46875,35.2485897977666
488,-575781.25,34.32975568005048
489,-574707.03125,33.72455758406378
490,-573632.8125,34.156292842507575
491,-572558.59375,33.788463401521504
492,-571484.375,34.68828718061965
493,-570410.15625,33.955439804878914
494,-569335.9375,34.173563279514454
495,-568261.71875,34.22336375688727
496,-567187.5,33.07716859079937
497,-566113.28125,33.66884136673784
498,-565039.0625,33.998717253179535
499,-563964.84375,34.35141743934855
500,-562890.625,33.64608429655319
501,-561816.40625,33.897345603856195
502,-560742.1875,34.278892657782066
503,-559667.96875,34.36584043436234
504,-558593.75,33.93998284749262
505,-557519.53125,33.60258570176029
506,-556445.3125,33.415204281314175
507,-555371.09375,34.0780523722591
508,-554296.875,33.8496120851854
509,-553222.65625,33.56931857966576
510,-552148.4375,34.08886310656835
511,-551074.21875,34.17816037957049
512,-550000.0,34.00902011630276
513,-548925.78125,33.9943971889474
514,-547851.5625,33.84395396250083
515,-546777.34375,33.46078175334881
516,-545703.125,33.931851461722246
517,-544628.90625,33.44464748341175
518,-543554.6875,33.714679320672246
519,-542480.46875,32.988373661489014
520,-541406.25,33.672730133949095
521,-540332.03125,33.973593810497476
522,-539257.8125,33.76957283411039
523,-538183.59375,33.62026774461043
524,-537109.375,33.61220892108431
525,-536035.15625,33.55311110655456
526,-534960.9375,33.74186853855531
527,-533886.71875,33.4427238029231
528,-532812.5,33.18442428528387
529,-531738.28125,33.271937775650706
530,-530664.0625,33.59386383399843
531,-529589.84375,33.143372180447166
532,-528515.625,33.13248579699521
533,-527441.40625,33.62903798243654
534,-526367.1875,32.950849062498634
535,-525292.96875,33.63970378007177
536,-524218.75,32.84967505577626
537,-523144.53125,32.971018710951775
538,-522070.3125,33.356294270028165
539,-520996.09375,33.708207773457985
540,-519921.875,32.413374618454
541,-518847.65625,33.13625119676507
542,-517773.4375,33.06899747989049
543,-516699.21875,32.629261667818284
544,-515625.0,33.10080021099886
545,-514550.78125,32.898961644106194
546,-513476.5625,32.80728068252279
547,-512402.34375,32.54636930938945
548,-511328.125,32.691475175489444
549,-510253.90625,33.21992652780141
550,-509179.6875,32.86062836104129
551,-508105.46875,32.88729936406972
552,-507031.25,33.0522624603502
553,-505957.03125,32.94654940885611
554,-504882.8125,33.57249747253647
555,-503808.59375,33.22691893188105
556,-502734.375,32.71728783053403
557,-501660.15625,32.83122177391284
558,-500585.9375,32.75639877570734
559,-499511.71875,32.8457541004969
560,-498437.5,33.16463221918933
561,-497363.28125,33.21693911603552
562,-496289.0625,32.67820507180259
563,-495214.84375,32.95781256948296
564,-494140.625,32.98963468879907
565,-493066.40625,32.89270433209045
566,-491992.1875,32.384535162857155
567,-490917.96875,32.52813602316961
568,-489843.75,32.938033127553545
569,-488769.53125,32.179158883633804
570,-487695.3125,32.292170446066
571,-486621.09375,31.959896574913436
572,-485546.875,32.988073013255956
573,-484472.65625,32.21269501084956
574,-483398.4375,32.794986518455616
575,-482324.21875,32.323129504892485
576,-481250.0,32.332977335649716
577,-480175.78125,32.63846588630857
578,-479101.5625,32.12085629021268
579,-478027.34375,32.01129477637126
580,-476953.125,32.33566775289113
581,-475878.90625,32.08258950889728
582,-474804.6875,32.31374637450883
583,-473730.46875,31.746735156085574
584,-472656.25,32.650652685943705
585,-471582.03125,32.44502388443843
586,-470507.8125,32.49816113023648
587,-469433.59375,32.18092769550726
588,-468359.375,32.16549692518686
589,-467285.15625,31.947625631433947
590,-466210.9375,31.70912410481336
591,-465136.71875,32.36611170205088
592,-464062.5,31.82276673804511
593,-462988.28125,31.757431391929597
594,-461914.0625,32.938078570778025
595,-460839.84375,32.28379347770567
596,-459765.625,31.75035922201597
597,-458691.40625,32.25640167452446
598,-457617.1875,31.74586697852417
599,-456542.96875,32.64848797373942
600,-455468.75,31.82439804971005
601,-454394.53125,32.47211024740599
602,-453320.3125,31.73740239257306
603,-452246.09375,31.734522263486387
604,-451171.875,32.02440574450044
605,-450097.65625,31.624130556489632
606,-449023.4375,31.882650613308225
607,-447949.21875,31.73920644941139
608,-446875.0,32.553516735346506
609,-445800.78125,31.74086237739207
610,-444726.5625,31.721912713656888
611,-443652.34375,31.636610195032745
612,-442578.125,32.11175561261898
613,-441503.90625,31.651868214285034
614,-440429.6875,31.981713383630176
615,-439355.46875,31.730257271293794
616,-438281.25,31.640795655708086
617,-437207.03125,31.641191654469637
618,-436132.8125,32.22869774509485
619,-435058.59375,31.661298756059086
620,-433984.375,31.398471117206384
621,-432910.15625,31.75529481901672
622,-431835.9375,31.89772750761026
623,-430761.71875,31.689385724719486
624,-429687.5,32.26941265498541
625,-428613.28125,31.39657375066211
626,-427539.0625,31.423181087570168
627,-426464.84375,31.86046866977785
628,-425390.625,31.65174653650938
629,-424316.40625,30.984737414060724
630,-423242.1875,31.801790715513793
631,-422167.96875,31.426558599836547
632,-421093.75,31.426500535513142
633,-420019.53125,31.62072792403898
634,-418945.3125,31.213550480649037
635,-417871.09375,31.36973149956173
636,-416796.875,31.852222393411072
637,-415722.65625,31.582456640941952
638,-414648.4375,31.84493259809533
639,-413574.21875,31.652285476488597
640,-412500.0,31.592399304363788
641,-411425.78125,31.30551328100602
642,-410351.5625,30.905992599991862
643,-409277.34375,31.864051266488783
644,-408203.125,31.492796823593054
645,-407128.90625,31.476237808179704
646,-406054.6875,31.1589775156754
647,-404980.46875,31.02247879336034
648,-403906.25,31.737858769951195
649,-402832.03125,31.91732613212837
650,-401757.8125,31.248254851260764
651,-400683.59375,31.12790189277663
652,-399609.375,31.394635392634076
653,-398535.15625,31.299778873428988
654,-397460.9375,31.6923013075603
655,-396386.71875,31.25265213474449
656,-395312.5,31.13773752739732
657,-394238.28125,30.559228248272934
658,-393164.0625,31.57075779481192
659,-392089.84375,30.77744428993797
660,-391015.625,31.087329122191516
661,-389941.40625,31.432191906279286
662,-388867.1875,30.786369962966756
663,-387792.96875,31.217982293069053
664,-386718.75,31.30465324811933
665,-385644.53125,31.29458892982639
666,-384570.3125,31.43924075765163
667,-383496.09375,30.754893657651678
668,-382421.875,31.181838248286706
669,-381347.65625,31.124169984590733
670,-380273.4375,31.072269559456657
671,-379199.21875,31.006177049543634
672,-378125.0,31.274964295881777
673,-377050.78125,31.31019714357631
674,-375976.5625,31.316847730843257
675,-374902.34375,30.46561386308354
676,-373828.125,31.484019254475722
677,-372753.90625,31.183198363950446
678,-371679.6875,31.578545209751184
679,-370605.46875,31.081392958112293
680,-369531.25,30.77082203732046
681,-368457.03125,30.95565377446275
682,-367382.8125,31.47206682161247
683,-366308.59375,31.761118071254565
684,-365234.375,31.157712342452886
685,-364160.15625,31.457414389262684
686,-363085.9375,31.331550805081033
687,-362011.71875,31.434744211313507
688,-360937.5,31.700186553851847
689,-359863.28125,30.648631980491494
690,-358789.0625,31.2617995448953
691,-357714.84375,31.35096350233688
692,-356640.625,30.557293555857473
693,-355566.40625,31.12879015600796
694,-354492.1875,30.50309520172185
695,-353417.96875,31.634681911109226
696,-352343.75,31.11660881866226
697,-351269.53125,31.198226147184386
698,-350195.3125,31.65889952509398
699,-349121.09375,31.1005900046347
700,-348046.875,31.08627303882306
701,-346972.65625,30.88468914867682
702,-345898.4375,30.63221511675283
703,-344824.21875,31.52584684353813
704,-343750.0,31.634193352781125
705,-342675.78125,31.485282230116933
706,-341601.5625,30.997506615399885
707,-340527.34375,31.504290888574563
708,-339453.125,31.422624130702527
709,-338378.90625,31.45094601010207
710,-337304.6875,31.2886527140897
711,-336230.46875,31.2785638454044
712,-335156.25,31.55511660525356
713,-334082.03125,31.50895024948867
714,-333007.8125,30.897964548726193
715,-331933.59375,31.223881380362126
716,-330859.375,31.400676947023666
717,-329785.15625,31.57904959624564
718,-328710.9375,31.234436035246734
719,-327636.71875,31.387417056571035
720,-326562.5,31.375585926478205
721,-325488.28125,30.987982045534654
722,-324414.0625,31.438042433507594
723,-323339.84375,31.377513329703024
724,-322265.625,30.60661271642607
725,-321191.40625,31.189604274091597
726,-320117.1875,31.929786620568077
727,-319042.96875,31.4512780168393
728,-317968.75,31.42337272725855
729,-316894.53125,31.30631063000112
730,-315820.3125,31.457984083940218
731,-314746.09375,31.490566579512105
732,-313671.875,31.458958096645325
733,-312597.65625,30.87734239551798
734,-311523.4375,30.873132636306813
735,-310449.21875,31.569036215178674
736,-309375.0,31.711605446351708
737,-308300.78125,31.897780551419277
738,-307226.5625,31.528936660052928
739,-306152.34375,31.085698105687857
740,-305078.125,31.572829167195536
741,-304003.90625,31.724980118158157
742,-302929.6875,31.615203936646257
743,-301855.46875,31.41064084117655
744,-300781.25,31.514903449212103
745,-299707.03125,31.44774052616595
746,-298632.8125,31.577473632202043
747,-297558.59375,31.801674891173292
748,-296484.375,31.642282992149283
749,-295410.15625,31.44467763708759
750,-294335.9375,31.888571672242286
751,-293261.71875,32.18287937300213
752,-292187.5,32.090213750530964
753,-291113.28125,31.773185113035584
754,-290039.0625,31.58386137906109
755,-288964.84375,31.91904660709602
756,-287890.625,31.572373560388165
757,-286816.40625,33.09163405151716
758,-285742.1875,31.421005870706875
759,-284667.96875,31.41045217456136
760,-283593.75,31.469402157144895
761,-282519.53125,31.82424053540138
762,-281445.3125,32.034468612632345
763,-280371.09375,32.154125338987456
764,-279296.875,32.16716947652256
765,-278222.65625,31.883095905858994
766,-277148.4375,31.58917557662935
767,-276074.21875,32.64833499657083
768,-275000.0,31.618467423907248
769,-273925.78125,31.457434242752846
770,-272851.5625,31.950681242487697
771,-271777.34375,32.31200379729002
772,-270703.125,31.48051775529827
773,-269628.90625,31.813643537793112
774,-268554.6875,31.93574545236547
775,-267480.46875,32.11321217672146
776,-266406.25,32.13545606075718
777,-265332.03125,31.984612768027564
778,-264257.8125,31.84237435274748
779,-263183.59375,31.605735853707255
780,-262109.375,31.68248803292368
781,-261035.15625,32.34780833839138
782,-259960.9375,32.09839387359653
783,-258886.71875,32.05439512734867
784,-257812.5,31.99495289037678
785,-256738.28125,31.76362092246122
786,-255664.0625,32.13538469788332
787,-254589.84375,31.856872007307405
788,-253515.625,32.59558372565511
789,-252441.40625,31.952458171192987
790,-251367.1875,32.52872362558249
791,-250292.96875,32.38965852121686
792,-249218.75,31.69288379312396
793,-248144.53125,32.88695027298079
794,-247070.3125,33.04644021961258
795,-245996.09375,32.18773484769938
796,-244921.875,31.627613535070953
797,-243847.65625,32.32122349011132
798,-242773.4375,32.24876881887272
799,-241699.21875,32.810795271810086
800,-240625.0,32.103972263791846
801,-239550.78125,32.344553824571996
802,-238476.5625,32.510897914717624
803,-237402.34375,32.591016404319866
804,-236328.125,32.24684462412207
805,-235253.90625,32.408073886725354
806,-234179.6875,32.61336109186608
807,-233105.46875,32.78021647603022
808,-232031.25,33.07107181753984
809,-230957.03125,33.134777658612485
810,-229882.8125,32.156732143837466
811,-228808.59375,32.291780227266635
812,-227734.375,32.857569748313615
813,-226660.15625,32.79400127046856
814,-225585.9375,32.81225842965261
815,-224511.71875,32.53293619520916
816,-223437.5,32.2607727637742
817,-222363.28125,32.33875711557003
818,-221289.0625,32.70656199177105
819,-220214.84375,32.61748326155585
820,-219140.625,32.6802331778979
821,-218066.40625,32.80062218485803
822,-216992.1875,32.94661852565636
823,-215917.96875,32.79330384728897
824,-214843.75,33.00616007678651
825,-213769.53125,32.70486693373642
826,-212695.3125,33.1101381911021
827,-211621.09375,32.67854324053572
828,-210546.875,32.20734569597281
829,-209472.65625,32.792672871593176
830,-208398.4375,32.93084535897631
831,-207324.21875,32.85023720892919
832,-206250.0,32.94122228182119
833,-205175.78125,32.96526488203954
834,-204101.5625,33.22557455468482
835,-203027.34375,32.71560609758217
836,-201953.125,33.18529925910341
837,-200878.90625,33.51505203294854
838,-199804.6875,33.0826250592534
839,-198730.46875,32.78745902364992
840,-197656.25,33.05620602091814
841,-196582.03125,33.32051581535169
842,-195507.8125,32.95464465523331
843,-194433.59375,33.06872907606942
844,-193359.375,33.215936164574835
845,-192285.15625,33.75646398779534
846,-191210.9375,33.10822521681539
847,-190136.71875,33.582951301915685
848,-189062.5,33.29636935114865
849,-187988.28125,33.22647808549635
850,-186914.0625,33.2474757981151
851,-185839.84375,33.40377295266027
852,-184765.625,33.09350140723706
853,-183691.40625,33.178850404225194
854,-182617.1875,33.81607977164294
855,-181542.96875,33.057073126234606
856,-180468.75,33.504208977984916
857,-179394.53125,33.838587527083114
858,-178320.3125,33.32612212624204
859,-177246.09375,33.736482005636354
860,-176171.875,33.70178367068104
861,-175097.65625,33.426800469141995
862,-174023.4375,33.753309988165384
863,-172949.21875,33.09358068281016
864,-171875.0,33.205811386141185
865,-170800.78125,33.59689224051542
866,-169726.5625,34.183402772560996
867,-168652.34375,33.91837426720627
868,-167578.125,33.68335941912988
869,-166503.90625,33.6600297675957
870,-165429.6875,33.4715323518705
871,-164355.46875,33.86220793331559
872,-163281.25,33.34683699299053
873,-162207.03125,33.599084736815335
874,-161132.8125,34.44958316939534
875,-160058.59375,33.812632377608594
876,-158984.375,33.9750842970794
877,-157910.15625,33.93735116977332
878,-156835.9375,33.264460062249896
879,-155761.71875,33.83335407709851
880,-154687.5,34.2125601445421
881,-153613.28125,34.348884285671936
882,-152539.0625,34.461662709176785
883,-151464.84375,34.05803381751479
884,-150390.625,34.319359775251925
885,-149316.40625,34.061437130032346
886,-148242.1875,34.079251097655934
887,-147167.96875,33.673967341716754
888,-146093.75,34.986241576968055
889,-145019.53125,34.10751325755025
890,-143945.3125,33.80050148090415
891,-142871.09375,34.36106928307905
892,-141796.875,33.75573790142088
893,-140722.65625,34.37021075973631
894,-139648.4375,34.64547984241993
895,-138574.21875,34.608668748279975
896,-137500.0,34.569659559497985
897,-136425.78125,34.60618894612508
898,-135351.5625,34.840868974650526
899,-134277.34375,34.91422369860515
900,-133203.125,34.40755312005758
901,-132128.90625,34.14271190137713
902,-131054.6875,34.21048464679851
903,-129980.46875,35.01730069668629
904,-128906.25,34.319893492199064
905,-127832.03125,34.48243749862214
906,-126757.8125,34.31613458184656
907,-125683.59375,35.53810328811606
908,-124609.375,34.39859651459166
909,-123535.15625,34.222958757211586
910,-122460.9375,34.341786536402445
911,-121386.71875,35.06219091621426
912,-120312.5,34.156272194186954
913,-119238.28125,34.36573012693348
914,-118164.0625,34.2969821029511
915,-117089.84375,34.33851620324693
916,-116015.625,35.215461481126546
917,-114941.40625,34.868840287288265
918,-113867.1875,34.43039881232973
919,-112792.96875,34.74933672227852
920,-111718.75,35.18444517735356
921,-110644.53125,35.35904591128221
922,-109570.3125,34.810940170229316
923,-108496.09375,34.887723804315456
924,-107421.875,35.28755509697341
925,-106347.65625,35.04176261836827
926,-105273.4375,34.9356431803137
927,-104199.21875,34.327856751261294
928,-103125.0,34.20092770373348
929,-102050.78125,34.924020429365626
930,-100976.5625,34.87601960626536
931,-99902.34375,35.131256174618095
932,-98828.125,34.75304185592503
933,-97753.90625,34.78931923011921
934,-96679.6875,34.87132352611965
935,-95605.46875,34.69242200753708
936,-94531.25,34.78520222241159
937,-93457.03125,35.410329029051596
938,-92382.8125,34.3831581196582
939,-91308.59375,34.926367945881566
940,-90234.375,34.749131939024466
941,-89160.15625,35.30069897214596
942,-88085.9375,35.71111237890026
943,-87011.71875,34.92639121338414
944,-85937.5,34.63324611594918
945,-84863.28125,35.127422314422205
946,-83789.0625,34.864845179786975
947,-82714.84375,34.869559857409705
948,-81640.625,35.029338152386956
949,-80566.40625,35.324973415348
950,-79492.1875,34.18236891246207
951,-78417.96875,35.162191420634144
952,-77343.75,35.51498671379019
953,-76269.53125,35.53667359754331
954,-75195.3125,35.096841345069095
955,-74121.09375,35.29530770139496
956,-73046.875,35.60041845276553
957,-71972.65625,35.072714907603114
958,-70898.4375,35.12723910286077
959,-69824.21875,35.224225964911746
960,-68750.0,35.12665587681341
961,-67675.78125,35.12688248473841
962,-66601.5625,34.98320626020055
963,-65527.34375,35.34089277643682
964,-64453.125,35.1821939901148
965,-63378.90625,34.797543862873326
966,-62304.6875,34.73666365339194
967,-61230.46875,35.97570742689605
968,-60156.25,35.43417884688292
969,-59082.03125,35.02363095836334
970,-58007.8125,36.05546158373145
971,-56933.59375,35.55415960470166
972,-55859.375,35.700977054555544
973,-54785.15625,35.12893116380361
974,-53710.9375,34.938491603823145
975,-52636.71875,35.280483242086355
976,-51562.5,34.92104038137111
977,-50488.28125,35.81499004111164
978,-49414.0625,35.30404088129492
979,-48339.84375,35.22581511342448
980,-47265.625,35.27619862075635
981,-46191.40625,35.489919082445766
982,-45117.1875,35.55646074292955
983,-44042.96875,35.22601323191466
984,-42968.75,35.22449567168513
985,-41894.53125,35.76045724086949
986,-40820.3125,35.49269453283311
987,-39746.09375,35.769714148727694
988,-38671.875,35.83663495177495
989,-37597.65625,35.59655510453172
990,-36523.4375,35.664951347906594
991,-35449.21875,35.282883386859936
992,-34375.0,35.47165403152468
993,-33300.78125,35.25860514679493
994,-32226.5625,35.115351021476236
995,-31152.34375,35.21650441859341
996,-30078.125,34.88767056855116
997,-29003.90625,35.64299921967083
998,-27929.6875,35.09891595024498
999,-26855.46875,35.638142674810084
1000,-25781.25,35.44020597653555
1001,-24707.03125,35.704592838260915
1002,-23632.8125,35.98578272102438
1003,-22558.59375,36.00724240656934
1004,-21484.375,35.04293716022966
1005,-20410.15625,35.64125989196099
1006,-19335.9375,35.12521716699706
1007,-18261.71875,35.46096484404245
1008,-17187.5,36.00638307802352
1009,-16113.28125,35.7206291541248
1010,-15039.0625,35.734731840767424
1011,-13964.84375,35.46207204951481
1012,-12890.625,35.67719904853402
1013,-11816.40625,35.13963884925801
1014,-10742.1875,35.436620135439085
1015,-9667.96875,35.51083642356657
1016,-8593.75,35.96768097144082
1017,-7519.53125,36.17330889253316
1018,-6445.3125,35.707355587668616
1019,-5371.09375,35.68391318762563
1020,-4296.875,34.85504542152673
1021,-3222.65625,35.57262614732678
1022,-2148.4375,35.36384728103737
1023,-1074.21875,35.19921570659454
1024,0.0,44.869286377187294
1025,1074.21875,35.35415096061876
1026,2148.4375,36.15103838988724
1027,3222.65625,35.75783050894605
1028,4296.875,35.32627619699508
1029,5371.09375,35.74358273280691
1030,6445.3125,35.32274400178014
1031,7519.53125,35.548848133057625
1032,8593.75,35.637001475842766
1033,9667.96875,35.1896473665107
1034,10742.1875,35.62085962274522
1035,11816.40625,35.21062270332626
1036,12890.625,34.93500445827952
1037,13964.84375,35.16647489170844
1038,15039.0625,35.76798786902522
1039,16113.28125,35.65299598200715
1040,17187.5,35.130222423086224
1041,18261.71875,35.56442259963136
1042,19335.9375,35.59019690282708
1043,20410.15625,35.45050723249777
1044,21484.375,35.911430263914056
1045,22558.59375,35.53706672650831
1046,23632.8125,34.91995306345598
1047,24707.03125,35.64689401888049
1048,25781.25,34.782577374876794
1049,26855.46875,35.22803225247944
1050,27929.6875,35.63679171159487
1051,29003.90625,35.14724874662755
1052,30078.125,35.11970365438364
1053,31152.34375,34.89563428711473
1054,32226.5625,35.36730712173738
1055,33300.78125,35.15945113801752
1056,34375.0,35.20026162631736
1057,35449.21875,35.56053502344558
1058,36523.4375,35.300963539835045
1059,37597.65625,35.52239240135411
1060,38671.875,35.13466664591273
1061,39746.09375,35.32385164394469
1062,40820.3125,35.02720027554507
1063,41894.53125,35.50310590461744
1064,42968.75,35.10418401478286
1065,44042.96875,34.80973634433875
1066,45117.1875,35.37974016354879
1067,46191.40625,35.64630890126709
1068,47265.625,35.452931387025565
1069,48339.84375,35.15861282730744
1070,49414.0625,34.92191921232316
1071,50488.28125,34.48261146603006
1072,51562.5,35.848923673826576
1073,52636.71875,34.94759846859444
1074,53710.9375,35.268971924297304
1075,54785.15625,35.56243297751449
1076,55859.375,35.160415860882686
1077,56933.59375,35.2027612798235
1078,58007.8125,35.54706690183481
1079,59082.03125,35.20190233095863
1080,60156.25,34.63703415284623
1081,61230.46875,35.68049757610965
1082,62304.6875,34.731307870032516
1083,63378.90625,34.826893476220874
1084,64453.125,35.83048619795996
1085,65527.34375,35.162705337425905
1086,66601.5625,34.86430138946679
1087,67675.78125,34.916832162052735
1088,68750.0,35.41507363312537
1089,69824.21875,35.204126366149616
1090,70898.4375,35.305063315212514
1091,71972.65625,35.291403582924055
1092,73046.875,34.703899842383
1093,74121.09375,34.63324579402322
1094,75195.3125,35.69600420730187
1095,76269.53125,34.96529450837897
1096,77343.75,35.094133196856525
1097,78417.96875,35.19902055604224
1098,79492.1875,34.5268158818464
1099,80566.40625,34.74861671148622
1100,81640.625,34.484317803620364
1101,82714.84375,35.037849702390766
1102,83789.0625,35.352507613892016
1103,84863.28125,35.04752347817805
1104,85937.5,35.25442688365203
1105,87011.71875,35.207229141077384
1106,88085.9375,34.74717299225904
1107,89160.15625,34.380881268843545
1108,90234.375,34.67826056327578
1109,91308.59375,35.38417029620411
1110,92382.8125,34.682025677520095
1111,93457.03125,34.381907208702785
1112,94531.25,34.81618998321547
1113,95605.46875,34.54652937253951
1114,96679.6875,34.252089351317096
1115,97753.90625,34.519260877672615
1116,98828.125,34.04120434824948
1117,99902.34375,34.342036576153696
1118,100976.5625,34.06508839035122
1119,102050.78125,34.6983859735013
1120,103125.0,34.62843833062189
1121,104199.21875,34.4639348494547
1122,105273.4375,35.14964033797992
1123,106347.65625,34.79117578743738
1124,107421.875,34.41732908190804
1125,108496.09375,34.837266749772496
1126,109570.3125,33.7882326306395
1127,110644.53125,34.14181724044042
1128,111718.75,34.29204167596076
1129,112792.96875,34.26875292711276
1130,113867.1875,34.68234325473559
1131,114941.40625,34.19127152722655
1132,116015.625,34.478605694060604
1133,117089.84375,34.92813091636723
1134,118164.0625,34.68345788305862
1135,119238.28125,34.98253933793418
1136,120312.5,34.47099341532635
1137,121386.71875,34.277836064060395
1138,122460.9375,34.69805371381408
1139,123535.15625,34.30760053312729
1140,124609.375,34.853056382901755
1141,125683.59375,33.92613484166595
1142,126757.8125,33.975136933100075
1143,127832.03125,33.58830109065046
1144,128906.25,34.276992221783686
1145,129980.46875,33.80867310858815
1146,131054.6875,34.28536610900679
1147,132128.90625,34.40857151009932
1148,133203.125,33.46718778194292
1149,134277.34375,33.86036778992936
1150,135351.5625,34.269606613606165
1151,136425.78125,34.15036397544962
1152,137500.0,34.195708914267804
1153,138574.21875,34.06638395569894
1154,139648.4375,34.41278079138942
1155,140722.65625,33.64577198531654
1156,141796.875,33.897446649461365
1157,142871.09375,33.30805901221839
1158,143945.3125,33.901191946328865
1159,145019.53125,33.89931681121058
1160,146093.75,33.699064923644265
1161,147167.96875,33.67861164176985
1162,148242.1875,34.133429128926814
1163,149316.40625,34.005919387822615
1164,150390.625,33.83810121445691
1165,151464.84375,33.776944447941744
1166,152539.0625,34.02573690297026
1167,153613.28125,34.29690823519817
1168,154687.5,33.982135039371435
1169,155761.71875,34.04731993679166
1170,156835.9375,33.63149947971044
1171,157910.15625,33.8745731608152
1172,158984.375,32.9203634599667
1173,160058.59375,33.40850403612185
1174,161132.8125,33.85601864469421
1175,162207.03125,33.60344297643107
1176,163281.25,33.551778498065666
1177,164355.46875,33.89245990678015
1178,165429.6875,34.10356025784632
1179,166503.90625,34.673418411206335
1180,167578.125,33.30260742965233
1181,168652.34375,33.83108354555801
1182,169726.5625,33.68589957447922
1183,170800.78125,34.13563476410386
1184,171875.0,33.906070170196884
1185,172949.21875,34.202478540553194
1186,174023.4375,33.704906388096255
1187,175097.65625,33.72993148678929
1188,176171.875,33.86921160441872
1189,177246.09375,33.25860763363516
1190,178320.3125,33.705175315807075
1191,179394.53125,33.66130910237872
1192,180468.75,33.27460251369958
1193,181542.96875,33.244767792464174
1194,182617.1875,33.67083031002206
1195,183691.40625,33.77314421997826
1196,184765.625,34.00255633084797
1197,185839.84375,34.21132791946365
1198,186914.0625,33.9281856007583
1199,187988.28125,33.95702849588082
1200,189062.5,33.95198182316199
1201,190136.71875,34.44146548157536
1202,191210.9375,33.57728326938785
1203,192285.15625,33.38147893442396
1204,193359.375,34.19512630318546
1205,194433.59375,34.208215618517755
1206,195507.8125,33.009711693422034
1207,196582.03125,33.82921664253205
1208,197656.25,33.663080333389566
1209,198730.46875,33.66115244208185
1210,199804.6875,34.046521364168605
1211,200878.90625,33.65617785677504
1212,201953.125,33.63215775561351
1213,203027.34375,33.538935378067436
1214,204101.5625,33.62597442653289
1215,205175.78125,34.38776706198723
1216,206250.0,34.255436160964116
1217,207324.21875,35.11374635704464
1218,208398.4375,34.2446269262221
1219,209472.65625,34.534557466331954
1220,210546.875,34.61203519232278
1221,211621.09375,34.53932049532371
1222,212695.3125,34.75978198116713
1223,213769.53125,34.74299380436866
1224,214843.75,34.83889003137488
1225,215917.96875,34.556308518103485
1226,216992.1875,35.40550528820659
1227,218066.40625,34.04337557425931
1228,219140.625,34.60780565461756
1229,220214.84375,34.871271990251195
1230,221289.0625,34.69797746686148
1231,222363.28125,35.433544794524195
1232,223437.5,34.307637302353235
1233,224511.71875,34.84708988941435
1234,225585.9375,34.715724190052185
1235,226660.15625,35.065888587408864
1236,227734.375,35.250651370326274
1237,228808.59375,35.52789991499959
1238,229882.8125,35.49384578095272
1239,230957.03125,36.0277286434153
1240,232031.25,35.15389038723523
1241,233105.46875,35.51481750357059
1242,234179.6875,35.75078226370732
1243,235253.90625,35.736632021445295
1244,236328.125,35.87282399190311
1245,237402.34375,35.745422001616056
1246,238476.5625,36.2399876418141
1247,239550.78125,36.1911567510265
1248,240625.0,35.960989410887485
1249,241699.21875,35.92548032918952
1250,242773.4375,35.9977081596456
1251,243847.65625,36.19911871698985
1252,244921.875,35.89259391355884
1253,245996.09375,36.302025805770455
1254,247070.3125,35.803753767647784
1255,248144.53125,36.771513690352634
1256,249218.75,36.50734159061
1257,250292.96875,36.39025417160695
1258,251367.1875,35.64758027162205
1259,252441.40625,36.617238722964714
1260,253515.625,36.597202058439734
1261,254589.84375,36.68959894484425
1262,255664.0625,36.32620571372864
1263,256738.28125,35.668446573793545
1264,257812.5,36.18063885594988
1265,258886.71875,37.19044085753074
1266,259960.9375,36.067911199353986
1267,261035.15625,36.60932432943029
1268,262109.375,36.416863573950515
1269,263183.59375,35.69238268255196
1270,264257.8125,35.84829584128523
1271,265332.03125,36.280161505430286
1272,266406.25,35.412049637284085
1273,267480.46875,35.547825272183964
1274,268554.6875,36.32487295240822
1275,269628.90625,35.51700661945711
1276,270703.125,36.26164127697376
1277,271777.34375,36.095917508218335
1278,272851.5625,35.69733493704512
1279,273925.78125,35.75175447380051
1280,275000.0,35.30702955845687
1281,276074.21875,35.25399086874178
1282,277148.4375,35.04405437060852
1283,278222.65625,35.11148014621635
1284,279296.875,34.657930364226736
1285,280371.09375,34.853048312072474
1286,281445.3125,34.763745509645204
1287,282519.53125,34.44706707065679
1288,283593.75,34.43224811723451
1289,284667.96875,34.270866822602315
1290,285742.1875,34.18767146611626
1291,286816.40625,34.09838641226032
1292,287890.625,33.97908508600814
1293,288964.84375,34.30696335402921
1294,290039.0625,34.43278962272596
1295,291113.28125,34.673134329943146
1296,292187.5,34.107317722983694
1297,293261.71875,34.416686409345616
1298,294335.9375,33.550107432254954
1299,295410.15625,33.82230956349122
1300,296484.375,33.954243318896324
1301,297558.59375,33.76630372016618
1302,298632.8125,33.7941359815832
1303,299707.03125,33.82642631046839
1304,300781.25,32.98783336872889
1305,301855.46875,33.68611231646915
1306,302929.6875,33.59929905808297
1307,304003.90625,33.53462941788595
1308,305078.125,33.39919763648699
1309,306152.34375,33.243029938596244
1310,307226.5625,33.08556347757457
1311,308300.78125,33.24180664491512
1312,309375.0,33.028999901061724
1313,310449.21875,32.99126287763655
1314,311523.4375,32.82089016525828
1315,312597.65625,33.22140363841121
1316,313671.875,32.694952247231406
1317,314746.09375,32.91957496873471
1318,315820.3125,32.8165138204757
1319,316894.53125,33.048915845801375
1320,317968.75,32.22280824618482
1321,319042.96875,32.175488178896934
1322,320117.1875,32.24810090969071
1323,321191.40625,32.937806735690984
1324,322265.625,32.20712527924786
1325,323339.84375,33.054813210585316
1326,324414.0625,32.722947420493945
1327,325488.28125,32.67106708564971
1328,326562.5,32.316049456054216
1329,327636.71875,32.61474061514783
1330,328710.9375,32.2929553214981
1331,329785.15625,32.72715185030358
1332,330859.375,33.03970135794321
1333,331933.59375,32.729614994949365
1334,333007.8125,32.4422772360622
1335,334082.03125,32.445797583827236
1336,335156.25,32.72760087081116
1337,336230.46875,32.73617860614169
1338,337304.6875,32.15431639862102
1339,338378.90625,31.916849446084637
1340,339453.125,32.61711024028004
1341,340527.34375,32.460769895220835
1342,341601.5625,31.894589671110893
1343,342675.78125,32.40057482305363
1344,343750.0,32.74204226751863
1345,344824.21875,32.1908865070253
1346,345898.4375,32.351967199710984
1347,346972.65625,32.20691569645494
1348,348046.875,31.64419622818248
1349,349121.09375,32.071793016167746
1350,350195.3125,31.99322157202884
1351,351269.53125,32.283209122268346
1352,352343.75,31.78121780647306
1353,353417.96875,32.095074437307034
1354,354492.1875,31.86087732477838
1355,355566.40625,31.462734074562963
1356,356640.625,32.52039141091623
1357,357714.84375,32.90678037053911
1358,358789.0625,32.07422673747259
1359,359863.28125,32.48857360525021
1360,360937.5,32.28907922379638
1361,362011.71875,32.15255734599382
1362,363085.9375,31.819805235576233
1363,364160.15625,32.24506048354057
1364,365234.375,33.40692638681847
1365,366308.59375,32.05582128569098
1366,367382.8125,31.670158573703393
1367,368457.03125,31.868735443987884
1368,369531.25,31.863461356655254
1369,370605.46875,32.22208763860442
1370,371679.6875,32.0579759723008
1371,372753.90625,32.129490136697086
1372,373828.125,32.06286135009353
1373,374902.34375,31.375703288404488
1374,375976.5625,31.953053421661014
1375,377050.78125,31.883746903110307
1376,378125.0,32.28170652082973
1377,379199.21875,31.611751544430508
1378,380273.4375,32.09049307079941
1379,381347.65625,31.99263364717384
1380,382421.875,31.763411356336107
1381,383496.09375,31.78861286069118
1382,384570.3125,32.398680401152255
1383,385644.53125,31.155085936966493
1384,386718.75,32.385197225369936
1385,387792.96875,31.733419704804284
1386,388867.1875,31.892887066111424
1387,389941.40625,31.94290306300609
1388,391015.625,31.703575930593995
1389,392089.84375,31.84537972806297
1390,393164.0625,31.53459543902928
1391,394238.28125,31.75519607188958
1392,395312.5,31.980667601739988
1393,396386.71875,31.5942812429311
1394,397460.9375,31.590410894904256
1395,398535.15625,32.263626904281644
1396,399609.375,32.1501053290753
1397,400683.59375,32.004900714199145
1398,401757.8125,31.805484324287814
1399,402832.03125,32.18478635372403
1400,403906.25,31.76003841937707
1401,404980.46875,32.02284229000331
1402,406054.6875,31.6557007915913
1403,407128.90625,31.913312591032522
1404,408203.125,32.030141811083254
1405,409277.34375,31.63116646262096
1406,410351.5625,32.095330964677906
1407,411425.78125,32.01699368651557
1408,412500.0,31.842893863693007
1409,413574.21875,32.0449748873841
1410,414648.4375,32.15946361679696
1411,415722.65625,32.07622118754677
1412,416796.875,31.483713106075086
1413,417871.09375,31.556851401262872
1414,418945.3125,31.626552078922895
1415,420019.53125,31.94531323429186
1416,421093.75,31.733673758277256
1417,422167.96875,31.724383507623738
1418,423242.1875,31.648139429896936
1419,424316.40625,32.24481418897209
1420,425390.625,32.05015507647279
1421,426464.84375,31.67703356722216
1422,427539.0625,31.961780310298746
1423,428613.28125,31.67444800730952
1424,429687.5,32.531729790089514
1425,430761.71875,31.75892821600436
1426,431835.9375,31.733917708431726
1427,432910.15625,32.20119228280847
1428,433984.375,31.676737375229784
1429,435058.59375,30.94345949313408
1430,436132.8125,31.839420133712416
1431,437207.03125,31.76764040568284
1432,438281.25,31.826942313741693
1433,439355.46875,31.525742994922766
1434,440429.6875,31.666106532886573
1435,441503.90625,32.14144799624088
1436,442578.125,31.803801644305047
1437,443652.34375,32.13203569080962
1438,444726.5625,31.853316380645765
1439,445800.78125,31.914163255937893
1440,446875.0,31.56541226371524
1441,447949.21875,32.16198223287922
1442,449023.4375,31.548621167694836
1443,450097.65625,31.763567753383022
1444,451171.875,32.215136073360554
1445,452246.09375,31.809928174207588
1446,453320.3125,31.969870712142455
1447,454394.53125,31.3130785303221
1448,455468.75,32.058751206728104
1449,456542.96875,31.9702047205995
1450,457617.1875,32.34610747947213
1451,458691.40625,33.6840620146883
1452,459765.625,33.64864947909577
1453,460839.84375,32.48775375843112
1454,461914.0625,31.521859772310783
1455,462988.28125,31.951435573606926
1456,464062.5,32.32036922252535
1457,465136.71875,32.07480222656475
1458,466210.9375,32.18507707576165
1459,467285.15625,31.918952964166557
1460,468359.375,31.908587542590027
1461,469433.59375,31.30055835398602
1462,470507.8125,31.37441545274478
1463,471582.03125,31.56613404905512
1464,472656.25,32.2595775103431
1465,473730.46875,31.994378957798723
1466,474804.6875,32.927993504767535
1467,475878.90625,32.090531950578026
1468,476953.125,32.1327860507549
1469,478027.34375,32.24383604464797
1470,479101.5625,32.504100456565965
1471,480175.78125,33.153093353969055
1472,481250.0,31.990338801515087
1473,482324.21875,32.385261085132456
1474,483398.4375,32.02699783279734
1475,484472.65625,31.773391410373534
1476,485546.875,32.62973960549591
1477,486621.09375,32.302794980534955
1478,487695.3125,32.125557219360324
1479,488769.53125,33.032955652480126
1480,489843.75,31.934741291828733
1481,490917.96875,31.814525467417344
1482,491992.1875,32.637130499768865
1483,493066.40625,32.22869347150223
1484,494140.625,32.013535287611326
1485,495214.84375,32.38701818042634
1486,496289.0625,32.30733707986305
1487,497363.28125,32.04815844396441
1488,498437.5,32.976067111781376
1489,499511.71875,32.04594212411836
1490,500585.9375,32.377305126750834
1491,501660.15625,32.875626148151696
1492,502734.375,32.38477632940921
1493,503808.59375,32.74121164846474
1494,504882.8125,32.846265366013064
1495,505957.03125,32.191903191836374
1496,507031.25,32.18748313261937
1497,508105.46875,31.841887991349562
1498,509179.6875,32.67934525111601
1499,510253.90625,32.7978960041544
1500,511328.125,32.247328683925296
1501,512402.34375,32.72679282949353
1502,513476.5625,33.01263308528277
1503,514550.78125,32.03092670229124
1504,515625.0,32.38138027502478
1505,516699.21875,32.187173460899075
1506,517773.4375,32.77188414338871
1507,518847.65625,32.97371524186259
1508,519921.875,33.093470867729536
1509,520996.09375,33.49129186683427
1510,522070.3125,33.1484906943461
1511,523144.53125,33.586786532811466
1512,524218.75,33.04921786104383
1513,525292.96875,33.01131233894872
1514,526367.1875,32.99471665584093
1515,527441.40625,33.02337701936273
1516,528515.625,33.46802234559737
1517,529589.84375,32.72435398410842
1518,530664.0625,32.8091654276868
1519,531738.28125,32.823901990873345
1520,532812.5,33.61489153847141
1521,533886.71875,33.28188022952716
1522,534960.9375,33.33745753693207
1523,536035.15625,33.4397158769594
1524,537109.375,33.420436754348664
1525,538183.59375,33.42001039110691
1526,539257.8125,33.70695275883089
1527,540332.03125,33.38970133283969
1528,541406.25,33.29354806730659
1529,542480.46875,33.83111270295458
1530,543554.6875,33.45917325266068
1531,544628.90625,33.46242444059518
1532,545703.125,32.64994490449313
1533,546777.34375,33.174100883186256
1534,547851.5625,33.71818765301304
1535,548925.78125,33.53415374640504
1536,550000.0,33.9411911891621
1537,551074.21875,32.929290516588345
1538,552148.4375,33.237674860502686
1539,553222.65625,33.00196795359699
1540,554296.875,33.472725085366584
1541,555371.09375,33.40683995913557
1542,556445.3125,32.96653092824369
1543,557519.53125,33.61148632163288
1544,558593.75,33.54412428980452
1545,559667.96875,33.48548554373543
1546,560742.1875,33.87386303390073
1547,561816.40625,33.1000346186173
1548,562890.625,33.1217905364519
1549,563964.84375,33.541467615177964
1550,565039.0625,33.68489672647609
1551,566113.28125,33.483771673146975
1552,567187.5,34.045008299606046
1553,568261.71875,33.731501242090516
1554,569335.9375,33.218335987163975
1555,570410.15625,33.77854883616179
1556,571484.375,33.64584625155312
1557,572558.59375,33.93489393253252
1558,573632.8125,34.24150619336194
1559,574707.03125,34.245348704253736
1560,575781.25,34.205337267607774
1561,576855.46875,33.89297168657367
1562,577929.6875,33.84849017041956
1563,579003.90625,33.7345086345702
1564,580078.125,34.461848332581475
1565,581152.34375,33.968476297481644
1566,582226.5625,33.6625016127758
1567,583300.78125,33.6585206455806
1568,584375.0,33.52328882987023
1569,585449.21875,34.17986212883619
1570,586523.4375,33.65372478244465
1571,587597.65625,33.80942103320432
1572,588671.875,34.017107001997644
1573,589746.09375,33.83039079850959
1574,590820.3125,34.24605044118754
1575,591894.53125,34.34993402965701
1576,592968.75,34.07157299103074
1577,594042.96875,33.736703074291526
1578,595117.1875,34.05309246878179
1579,596191.40625,33.826529114641986
1580,597265.625,34.02588607087421
1581,598339.84375,34.56109044741559
1582,599414.0625,34.12147888783606
1583,600488.28125,34.166501000423686
1584,601562.5,34.10534691364198
1585,602636.71875,34.08675047935963
1586,603710.9375,34.15262017583378
1587,604785.15625,33.67623496634536
1588,605859.375,34.14286849926997
1589,606933.59375,34.77262504392724
1590,608007.8125,34.48880936359468
1591,609082.03125,33.91637115023642
1592,610156.25,33.94325503768398
1593,611230.46875,34.90026488352823
1594,612304.6875,33.367470231358695
1595,613378.90625,34.171252394464595
1596,614453.125,34.22179983727557
1597,615527.34375,34.38779616010258
1598,616601.5625,34.24399246741445
1599,617675.78125,34.31972272058085
1600,618750.0,34.490999257775904
1601,619824.21875,34.3092707282714
1602,620898.4375,34.56171702950475
1603,621972.65625,34.52493014913179
1604,623046.875,34.68045306772055
1605,624121.09375,33.8070457877622
1606,625195.3125,34.40855221826569
1607,626269.53125,34.4250259955718
1608,627343.75,35.108814485063604
1609,628417.96875,34.2240568847693
1610,629492.1875,34.38397539803248
1611,630566.40625,34.006922916373455
1612,631640.625,34.776576511593476
1613,632714.84375,34.23146912915745
1614,633789.0625,34.65662460289303
1615,634863.28125,34.49278076842405
1616,635937.5,34.1697302061575
1617,637011.71875,33.980677935978214
1618,638085.9375,34.6810805800059
1619,639160.15625,34.677187971795185
1620,640234.375,34.14605502532373
1621,641308.59375,34.98621263277563
1622,642382.8125,34.33941012945981
1623,643457.03125,34.7187869468713
1624,644531.25,34.54198785729981
1625,645605.46875,34.357940088322884
1626,646679.6875,34.24711154049267
1627,647753.90625,34.850568387639754
1628,648828.125,34.874999219909476
1629,649902.34375,34.041038323164855
1630,650976.5625,35.36943211659691
1631,652050.78125,34.63747825694061
1632,653125.0,34.45852014786998
1633,654199.21875,34.1121653729446
1634,655273.4375,34.64114556315764
1635,656347.65625,34.33544824426289
1636,657421.875,34.86601877674347
1637,658496.09375,34.92954453321434
1638,659570.3125,35.20746138687718
1639,660644.53125,34.3413542241059
1640,661718.75,34.178156654247694
1641,662792.96875,34.57401297868738
1642,663867.1875,34.147067809106794
1643,664941.40625,34.36702732420334
1644,666015.625,34.75497209831343
1645,667089.84375,34.45515955534454
1646,668164.0625,34.90138772472405
1647,669238.28125,34.14447919267346
1648,670312.5,33.71490290191583
1649,671386.71875,34.73284784098911
1650,672460.9375,34.75572906227382
1651,673535.15625,34.36926773301605
1652,674609.375,35.077287642646574
1653,675683.59375,34.61499526412443
1654,676757.8125,34.47464702871287
1655,677832.03125,34.13476381728464
1656,678906.25,34.3158743452186
1657,679980.46875,34.481652496222964
1658,681054.6875,34.42415351262371
1659,682128.90625,34.07860422591872
1660,683203.125,34.27784514955315
1661,684277.34375,34.46165401342333
1662,685351.5625,34.236935344487584
1663,686425.78125,34.722604342097064
1664,687500.0,33.86765341875457
1665,688574.21875,34.24613567744248
1666,689648.4375,34.441708824157224
1667,690722.65625,33.59320411218238
1668,691796.875,34.49120315573222
1669,692871.09375,34.13699361125973
1670,693945.3125,34.03836605608703
1671,695019.53125,34.91021243362616
1672,696093.75,34.5132216416497
1673,697167.96875,34.22135519756118
1674,698242.1875,34.06027181171873
1675,699316.40625,34.58211955873151
1676,700390.625,34.5580280702002
1677,701464.84375,34.4837830877773
1678,702539.0625,33.4352320383806
1679,703613.28125,34.76995477041095
1680,704687.5,34.09373484011584
1681,705761.71875,33.98198171081293
1682,706835.9375,33.8979150173805
1683,707910.15625,33.82746833092104
1684,708984.375,34.3962918261623
1685,710058.59375,34.127041045516016
1686,711132.8125,34.229544859813544
1687,712207.03125,33.7369438319019
1688,713281.25,33.98300341132384
1689,714355.46875,33.97692509869943
1690,715429.6875,34.04152713933589
1691,716503.90625,33.18683811360278
1692,717578.125,34.011065885215835
1693,718652.34375,34.198966619082036
1694,719726.5625,34.12661406247362
1695,720800.78125,33.32987138361448
1696,721875.0,34.203185451005204
1697,722949.21875,32.88327568738102
1698,724023.4375,34.113864314131696
1699,725097.65625,33.86385347488997
1700,726171.875,33.40869040508186
1701,727246.09375,33.364161912553215
1702,728320.3125,33.32292843292039
1703,729394.53125,34.04934486575277
1704,730468.75,33.783918146027496
1705,731542.96875,33.18159950339487
1706,732617.1875,33.17550172878777
1707,733691.40625,33.44976827223424
1708,734765.625,33.50671628655702
1709,735839.84375,34.02356218142624
1710,736914.0625,32.953842787635566
1711,737988.28125,33.47464677890749
1712,739062.5,33.316253437513005
1713,740136.71875,32.934411710835995
1714,741210.9375,33.48025956752157
1715,742285.15625,33.16970020926118
1716,743359.375,32.9314743971044
1717,744433.59375,33.70040306413673
1718,745507.8125,33.465824315945916
1719,746582.03125,32.708005998123305
1720,747656.25,32.908429333715745
1721,748730.46875,33.9176785578259
1722,749804.6875,33.51291065474389
1723,750878.90625,32.8354285800191
1724,751953.125,33.03875063971535
1725,753027.34375,32.52248914971502
1726,754101.5625,33.28273320337519
1727,755175.78125,33.07206497291501
1728,756250.0,32.9244698141135
1729,757324.21875,32.84867654718642
1730,758398.4375,32.75251286017077
1731,759472.65625,32.40975163213758
1732,760546.875,32.29997306761337
1733,761621.09375,32.31814036494646
1734,762695.3125,32.843117505452284
1735,763769.53125,32.131419856418745
1736,764843.75,32.38113941512909
1737,765917.96875,32.151824908268914
1738,766992.1875,32.51445926889937
1739,768066.40625,32.67749400096965
1740,769140.625,32.64158138766753
1741,770214.84375,32.429807429169585
1742,771289.0625,31.892913032790798
1743,772363.28125,32.199899325375966
1744,773437.5,32.5045747894814
1745,774511.71875,32.39470193776671
1746,775585.9375,32.24746776927881
1747,776660.15625,31.79175033392856
1748,777734.375,31.553115263857126
1749,778808.59375,31.767203837258705
1750,779882.8125,31.910023197175555
1751,780957.03125,31.496321903883743
1752,782031.25,31.72896946053055
1753,783105.46875,31.57288632268379
1754,784179.6875,31.924829123341357
1755,785253.90625,31.62634859753006
1756,786328.125,31.899136468578117
1757,787402.34375,31.70594526957711
1758,788476.5625,31.686113027157354
1759,789550.78125,31.541351715902838
1760,790625.0,31.230501355958264
1761,791699.21875,31.304480659419706
1762,792773.4375,30.799460893384467
1763,793847.65625,31.219665191982582
1764,794921.875,30.765535934310186
1765,795996.09375,31.108012703700595
1766,797070.3125,31.323222841131688
1767,798144.53125,31.046702266980613
1768,799218.75,31.077768136471153
1769,800292.96875,31.09814923619206
1770,801367.1875,30.55456441683202
1771,802441.40625,30.945977165191405
1772,803515.625,30.759569626595074
1773,804589.84375,30.474295475676538
1774,805664.0625,30.098880240247976
1775,806738.28125,29.942845806248886
1776,807812.5,30.747761592465924
1777,808886.71875,30.646349611405057
1778,809960.9375,30.579643139402474
1779,811035.15625,30.61235268010719
1780,812109.375,29.884643989989144
1781,813183.59375,30.262103439197155
1782,814257.8125,30.005464108269646
1783,815332.03125,30.282031265795602
1784,816406.25,29.695575169569807
1785,817480.46875,29.16323048501289
1786,818554.6875,29.634831360694697
1787,819628.90625,29.97182257839144
1788,820703.125,29.602319991567818
1789,821777.34375,29.54349615016614
1790,822851.5625,29.773277397032683
1791,823925.78125,29.412960771820362
1792,825000.0,29.48965073509289
1793,826074.21875,28.976863356849556
1794,827148.4375,28.70800793800453
1795,828222.65625,28.695621687544843
1796,829296.875,29.431968875494682
1797,830371.09375,28.85220979471996
1798,831445.3125,28.81431775100004
1799,832519.53125,28.6283025796947
1800,833593.75,28.91653416902812
1801,834667.96875,28.870423200940323
1802,835742.1875,28.882063790527322
1803,836816.40625,28.31999589700998
1804,837890.625,28.24962196751225
1805,838964.84375,28.149143641413318
1806,840039.0625,27.622790554595035
1807,841113.28125,28.40112838938706
1808,842187.5,27.72134757059333
1809,843261.71875,28.1029898605465
1810,844335.9375,27.93132564944512
1811,845410.15625,27.507061390733654
1812,846484.375,27.399895921982395
1813,847558.59375,27.47537941081194
1814,848632.8125,27.029112608530156
1815,849707.03125,27.882286025213002
1816,850781.25,27.294373323300622
1817,851855.46875,27.240695839028106
1818,852929.6875,27.431044684749597
1819,854003.90625,26.877877978316445
1820,855078.125,27.039616285162175
1821,856152.34375,26.840164057102754
1822,857226.5625,27.04041293674217
1823,858300.78125,26.8677670100745
1824,859375.0,26.79827306031372
1825,860449.21875,26.523574546468137
1826,861523.4375,26.644456276828894
1827,862597.65625,26.388892933836072
1828,863671.875,26.335302310206608
1829,864746.09375,26.2424015458069
1830,865820.3125,25.84781019171137
1831,866894.53125,26.203803661765093
1832,867968.75,25.865646903140135
1833,869042.96875,25.662024735640113
1834,870117.1875,26.018094700447076
1835,871191.40625,25.51026738935504
1836,872265.625,25.866510687574888
1837,873339.84375,25.630200978758094
1838,874414.0625,25.50655565850526
1839,875488.28125,25.45957984823535
1840,876562.5,25.297834933303502
1841,877636.71875,25.035909886021326
1842,878710.9375,25.356962026781712
1843,879785.15625,25.154230358477275
1844,880859.375,25.18900391634058
1845,881933.59375,24.625981866528733
1846,883007.8125,24.867465204961267
1847,884082.03125,24.703090740349136
1848,885156.25,24.96307629918724
1849,886230.46875,24.428983658960185
1850,887304.6875,24.387866875343594
1851,888378.90625,24.456970846089018
1852,889453.125,24.2377483928916
1853,890527.34375,23.860966140733634
1854,891601.5625,23.548763548653763
1855,892675.78125,24.235563718269276
1856,893750.0,23.508030734897563
1857,894824.21875,23.718982120477506
1858,895898.4375,23.702056128136274
1859,896972.65625,23.843116006741667
1860,898046.875,23.520797237005873
1861,899121.09375,23.614859978357167
1862,900195.3125,23.10623682434993
1863,901269.53125,23.103322034210613
1864,902343.75,23.172040878244587
1865,903417.96875,23.38617497283031
1866,904492.1875,22.99431073027834
1867,905566.40625,22.973126667206788
1868,906640.625,22.829258485762942
1869,907714.84375,22.814791301051432
1870,908789.0625,22.80140043444035
1871,909863.28125,22.43169261997024
1872,910937.5,22.445540567712104
1873,912011.71875,22.12832176786109
1874,913085.9375,22.424520154098506
1875,914160.15625,22.5862935731077
1876,915234.375,22.08274906193637
1877,916308.59375,22.056804354452147
1878,917382.8125,21.620694804098463
1879,918457.03125,21.322482408618818
1880,919531.25,21.947712476205236
1881,920605.46875,21.58303611815541
1882,921679.6875,21.381515664509905
1883,922753.90625,21.346810849398082
1884,923828.125,21.746988742624065
1885,924902.34375,21.321479986197637
1886,925976.5625,21.212434069526168
1887,927050.78125,21.043491501927477
1888,928125.0,21.07389718673172
1889,929199.21875,21.04053304307056
1890,930273.4375,20.76929819363923
1891,931347.65625,20.542404133639803
1892,932421.875,20.397178497049868
1893,933496.09375,20.544200875094177
1894,934570.3125,20.145737442654788
1895,935644.53125,20.40465961819924
1896,936718.75,20.282214192212855
1897,937792.96875,20.392742219331687
1898,938867.1875,19.822652056813045
1899,939941.40625,19.913510171609794
1900,941015.625,19.248639332027192
1901,942089.84375,19.606585580543967
1902,943164.0625,19.67764524911413
1903,944238.28125,19.834003668298568
1904,945312.5,19.38031871901519
1905,946386.71875,19.28896101277341
1906,947460.9375,19.314670817135987
1907,948535.15625,19.020255698183888
1908,949609.375,19.268346063730835
1909,950683.59375,18.927516180040655
1910,951757.8125,19.263960069913573
1911,952832.03125,19.046002324267025
1912,953906.25,18.837182441981987
1913,954980.46875,18.54659901721395
1914,956054.6875,18.593120517456622
1915,957128.90625,18.49586242449426
1916,958203.125,18.439788912924413
1917,959277.34375,18.417993987305696
1918,960351.5625,18.26727347599231
1919,961425.78125,17.899985555599773
1920,962500.0,17.84612481497521
1921,963574.21875,17.81581487207571
1922,964648.4375,17.86797221476523
1923,965722.65625,17.79629629996295
1924,966796.875,17.717743233773177
1925,967871.09375,17.57932810277214
1926,968945.3125,17.357057614884873
1927,970019.53125,17.288819586732796
1928,971093.75,17.449068817357972
1929,972167.96875,17.520865818970588
1930,973242.1875,17.116930149706562
1931,974316.40625,17.050038255755794
1932,975390.625,16.933583148031232
1933,976464.84375,16.925139667482835
1934,977539.0625,17.096571810654616
1935,978613.28125,16.548684777117778
1936,979687.5,16.81972354018826
1937,980761.71875,16.456809056144937
1938,981835.9375,16.50654232811997
1939,982910.15625,16.41868580188576
1940,983984.375,16.56233095876736
1941,985058.59375,16.45222443241806
1942,986132.8125,16.43573639004687
1943,987207.03125,16.076382082319252
1944,988281.25,16.000400645569684
1945,989355.46875,16.015489786892104
1946,990429.6875,16.026256098618802
1947,991503.90625,16.085591512786955
1948,992578.125,15.61112172367483
1949,993652.34375,15.624665343730243
1950,994726.5625,15.662851330141123
1951,995800.78125,15.506028147116426
1952,996875.0,15.244982330626403
1953,997949.21875,15.162259085311874
1954,999023.4375,15.051346004772265
1955,1000097.65625,15.202106938634033
1956,1001171.875,15.2217525854132
1957,1002246.09375,15.003225360187303
1958,1003320.3125,15.096590090867679
1959,1004394.53125,14.724936184390447
1960,1005468.75,14.66940522681841
1961,1006542.96875,14.668552854395918
1962,1007617.1875,14.735177933520783
1963,1008691.40625,14.606336141561387
1964,1009765.625,14.456416075520485
1965,1010839.84375,14.308156756429694
1966,1011914.0625,14.448258911744285
1967,1012988.28125,14.312809157188706
1968,1014062.5,14.338638902896212
1969,1015136.71875,14.209647609151766
1970,1016210.9375,14.268507511606149
1971,1017285.15625,14.067354810710683
1972,1018359.375,14.021355379108977
1973,1019433.59375,13.935927300698214
1974,1020507.8125,13.742099184174807
1975,1021582.03125,13.803540750072434
1976,1022656.25,13.509816048731402
1977,1023730.46875,13.833253630401982
1978,1024804.6875,13.742595415097027
1979,1025878.90625,13.631194941738883
1980,1026953.125,13.637685078912813
1981,1028027.34375,13.790638467716006
1982,1029101.5625,13.379479180693655
1983,1030175.78125,13.506951250172904
1984,1031250.0,13.276139526255946
1985,1032324.21875,13.187421703922507
1986,1033398.4375,13.353048498009878
1987,1034472.65625,13.48387165061777
1988,1035546.875,13.018433167853184
1989,1036621.09375,12.858394110716102
1990,1037695.3125,12.980855927906546
1991,1038769.53125,13.084349378154931
1992,1039843.75,12.741436925209412
1993,1040917.96875,12.797346185744086
1994,1041992.1875,12.869550890684348
1995,1043066.40625,12.719135109755431
1996,1044140.625,12.46707832164326
1997,1045214.84375,12.706915726018888
1998,1046289.0625,12.758496050738097
1999,1047363.28125,12.533914918655904
2000,1048437.5,12.446706059590221
2001,1049511.71875,12.453178539698985
2002,1050585.9375,12.347357753968542
2003,1051660.15625,12.302370637093837
2004,1052734.375,12.170436631104957
2005,1053808.59375,12.290914178724071
2006,1054882.8125,12.29318533263526
2007,1055957.03125,12.212239427732955
2008,1057031.25,12.22831932628113
2009,1058105.46875,12.14562032412077
2010,1059179.6875,12.02487391173756
2011,1060253.90625,12.204755132083054
2012,1061328.125,11.852265234301704
2013,1062402.34375,11.818688915556248
2014,1063476.5625,12.00418931925312
2015,1064550.78125,11.995419653093059
2016,1065625.0,11.688874270422927
2017,1066699.21875,11.929315777885664
2018,1067773.4375,11.872116806150418
2019,1068847.65625,11.948031444937225
2020,1069921.875,11.74893824120781
2021,1070996.09375,11.625189867170457
2022,1072070.3125,11.84687324898065
2023,1073144.53125,11.525937405218876
2024,1074218.75,11.545810308029019
2025,1075292.96875,11.70105364278639
2026,1076367.1875,11.514853793054932
2027,1077441.40625,11.575576872445833
2028,1078515.625,11.52367243141725
2029,1079589.84375,11.470908072067335
2030,1080664.0625,11.385392296807431
2031,1081738.28125,11.328812908747764
2032,1082812.5,11.220874522878832
2033,1083886.71875,11.425240585258319
2034,1084960.9375,11.312698762595359
2035,1086035.15625,11.424376494426344
2036,1087109.375,11.432569661158054
2037,1088183.59375,11.375661675785285
2038,1089257.8125,11.472383281945845
2039,1090332.03125,11.152401677298407
2040,1091406.25,11.21904412747685
2041,1092480.46875,11.549756357800552
2042,1093554.6875,11.210047360040656
2043,1094628.90625,11.410264881333859
2044,1095703.125,11.304331070694216
2045,1096777.34375,11.209202877127382
2046,1097851.5625,11.180358138073215
2047,1098925.78125,11.265336377572789
