,moon_times,moon_volts,fit,dt
0,0.0,-2.9195250659630565e-06,4.44296361754856e-06,5.989944219589233
1,5.989944219589233,2.0804749340369566e-06,4.40040890114226e-06,6.000017881393433
2,11.989962100982666,8.047493403696222e-08,4.357931659127305e-06,5.999966144561768
3,17.989928245544434,3.080474934036954e-06,4.315603807158335e-06,5.999994993209839
4,23.989923238754272,7.080474934036943e-06,4.273424634976248e-06,6.000034809112549
5,29.98995804786682,7.080474934036943e-06,4.2313939271351224e-06,5.998340129852295
6,35.988298177719116,7.080474934036943e-06,4.1895236315445585e-06,5.99999213218689
7,41.988290309906006,9.080474934036964e-06,4.147790244862303e-06,6.001468896865845
8,47.98975920677185,9.080474934036964e-06,4.106194961138336e-06,6.0002381801605225
9,53.98999738693237,6.0804749340369454e-06,4.064756413704575e-06,6.000001668930054
10,59.98999905586243,6.0804749340369454e-06,4.023467541151629e-06,5.9999799728393555
11,65.98997902870178,5.080474934036948e-06,3.982326714774584e-06,6.000017166137695
12,71.98999619483948,1.0804749340369594e-06,3.9413333904495145e-06,5.999990940093994
13,77.98998713493347,1.0804749340369594e-06,3.90048786097326e-06,6.000013113021851
14,83.99000024795532,5.080474934036948e-06,3.859789655812759e-06,5.999985694885254
15,89.98998594284058,5.080474934036948e-06,3.819238970250011e-06,5.999996185302734
16,95.98998212814331,5.080474934036948e-06,3.778835406556069e-06,6.000076532363892
17,101.9900586605072,6.0804749340369454e-06,3.7385783567584442e-06,5.999918699264526
18,107.98997735977173,8.080474934036967e-06,3.6984692751597304e-06,6.000028848648071
19,113.9900062084198,8.080474934036967e-06,3.6585062276600073e-06,5.999982833862305
20,119.9899890422821,5.080474934036948e-06,3.6186901158388307e-06,5.999977111816406
21,125.98996615409851,5.080474934036948e-06,3.579020529514427e-06,5.994592905044556
22,131.98455905914307,3.080474934036954e-06,3.539532691199859e-06,6.005418539047241
23,137.9899775981903,2.0804749340369566e-06,3.5001198807954133e-06,5.99999475479126
24,143.98997235298157,4.080474934036951e-06,3.4608887976809985e-06,6.000021696090698
25,149.98999404907227,4.080474934036951e-06,3.421803464102266e-06,5.999996185302734
26,155.989990234375,3.080474934036954e-06,3.382864080892308e-06,5.99999475479126
27,161.98998498916626,4.080474934036951e-06,3.3440703498885365e-06,5.9999330043792725
28,167.98991799354553,-2.9195250659630565e-06,3.3054225178973226e-06,6.00006628036499
29,173.98998427391052,5.080474934036948e-06,3.2669191903781472e-06,5.999981641769409
30,179.98996591567993,5.080474934036948e-06,3.2285616265869644e-06,6.0000200271606445
31,185.98998594284058,7.080474934036943e-06,3.190348897455513e-06,5.999945163726807
32,191.98993110656738,6.0804749340369454e-06,3.1522815820160303e-06,5.998366594314575
33,197.98829770088196,1.0804749340369594e-06,3.1143690199603496e-06,6.001621723175049
34,203.989919424057,6.0804749340369454e-06,3.0765805797410732e-06,6.000057697296143
35,209.98997712135315,8.047493403696222e-08,3.038946524780892e-06,5.9999871253967285
36,215.98996424674988,2.0804749340369566e-06,3.001457287737728e-06,6.000028610229492
37,221.98999285697937,2.0804749340369566e-06,2.96411202650302e-06,6.0
38,227.98999285697937,3.080474934036954e-06,2.9269110369226748e-06,6.000006198883057
39,233.98999905586243,4.080474934036951e-06,2.8898539614644335e-06,6.000004291534424
40,239.99000334739685,4.080474934036951e-06,2.852940709445726e-06,5.999964475631714
41,245.98996782302856,3.080474934036954e-06,2.8161713716868538e-06,6.000032424926758
42,251.99000024795532,3.080474934036954e-06,2.7795451478823015e-06,5.998336553573608
43,257.98833680152893,4.080474934036951e-06,2.7430726057495535e-06,6.001641273498535
44,263.98997807502747,6.0804749340369454e-06,2.7067232562116883e-06,5.9999001026153564
45,269.9898781776428,5.080474934036948e-06,2.6705275751267736e-06,6.000094652175903
46,275.9899728298187,4.080474934036951e-06,2.6344736885918204e-06,6.0000269412994385
47,281.98999977111816,5.080474934036948e-06,2.59856303612896e-06,5.999974012374878
48,287.98997378349304,5.080474934036948e-06,2.562795384057033e-06,5.9999682903289795
49,293.989942073822,4.080474934036951e-06,2.5271703079689465e-06,6.000035285949707
50,299.98997735977173,7.080474934036943e-06,2.4916872373809924e-06,5.998347282409668
51,305.9883246421814,7.080474934036943e-06,2.456356352490252e-06,6.001645565032959
52,311.98997020721436,1.0804749340369594e-06,2.421148199885634e-06,6.000001668930054
53,317.9899718761444,5.080474934036948e-06,2.386091690305049e-06,5.9999165534973145
54,323.9898884296417,8.047493403696222e-08,2.35117751389479e-06,6.000080823898315
55,329.98996925354004,3.080474934036954e-06,2.3164040813539304e-06,6.0000526905059814
56,335.990021944046,1.0804749340369594e-06,2.281772371674707e-06,5.999957799911499
57,341.9899797439575,3.080474934036954e-06,2.2472826249172847e-06,6.000010967254639
58,347.98999071121216,1.0804749340369594e-06,2.212933847618207e-06,5.999987840652466
59,353.9899785518646,2.0804749340369566e-06,2.1787263367034086e-06,5.999992609024048
60,359.9899711608887,3.080474934036954e-06,2.144659791586828e-06,5.999988317489624
61,365.9899594783783,1.0804749340369594e-06,2.110734122823833e-06,5.999972820281982
62,371.9899322986603,8.047493403696222e-08,2.076949252176978e-06,6.000057697296143
63,377.9899899959564,-9.19525065963035e-07,2.0433044759919343e-06,5.999885082244873
64,383.9898750782013,-1.9195250659630593e-06,2.0098010941504705e-06,5.999941349029541
65,389.98981642723083,-2.9195250659630565e-06,1.9764376835929784e-06,6.000143766403198
66,395.98996019363403,-9.19525065963035e-07,1.943213299797437e-06,6.0000386238098145
67,401.98999881744385,8.047493403696222e-08,1.9101295083067975e-06,5.999984264373779
68,407.9899830818176,4.080474934036951e-06,1.877185882619992e-06,6.0000081062316895
69,413.9899911880493,8.047493403696222e-08,1.8443818513939e-06,5.999938726425171
70,419.9899299144745,7.080474934036943e-06,1.8117177818119437e-06,5.9999799728393555
71,425.98990988731384,5.080474934036948e-06,1.7791929297356048e-06,6.000064134597778
72,431.9899740219116,1.0804749340369594e-06,1.7468069259959832e-06,6.000000476837158
73,437.9899744987488,8.047493403696222e-08,1.7145604282758855e-06,6.00000524520874
74,443.9899797439575,2.0804749340369566e-06,1.6824529258730934e-06,5.999979496002197
75,449.9899592399597,4.080474934036951e-06,1.650484440464055e-06,5.9999918937683105
76,455.989951133728,2.0804749340369566e-06,1.6186546274328712e-06,6.000050067901611
77,461.99000120162964,-9.19525065963035e-07,1.5869631054807502e-06,5.9999589920043945
78,467.98996019363403,3.080474934036954e-06,1.5554105208865072e-06,6.0000152587890625
79,473.9899754524231,2.0804749340369566e-06,1.5239959566971038e-06,6.000021696090698
80,479.9899971485138,-9.19525065963035e-07,1.4927195350722658e-06,6.000003099441528
81,485.9900002479553,-9.19525065963035e-07,1.4615812451840155e-06,5.99988865852356
82,491.9898889064789,-1.9195250659630593e-06,1.430581438947982e-06,6.00011682510376
83,497.99000573158264,-3.919525065963054e-06,1.3997182092190798e-06,5.999972343444824
84,503.98997807502747,-2.9195250659630565e-06,1.3689933347942184e-06,5.999990701675415
85,509.9899687767029,3.080474934036954e-06,1.3384058365558257e-06,5.99998664855957
86,515.9899554252625,-9.19525065963035e-07,1.3079556883456574e-06,6.000027656555176
87,521.9899830818176,5.080474934036948e-06,1.2776425218426515e-06,5.999975681304932
88,527.9899587631226,6.0804749340369454e-06,1.247466665536346e-06,5.9999754428863525
89,533.9899342060089,2.0804749340369566e-06,1.2174277165353296e-06,6.00007176399231
90,539.9900059700012,4.080474934036951e-06,1.1875250537971776e-06,5.999974250793457
91,545.9899802207947,-2.9195250659630565e-06,1.157759502394251e-06,6.000006437301636
92,551.9899866580963,-2.9195250659630565e-06,1.128130275759379e-06,5.9999589920043945
93,557.9899456501007,-9.19525065963035e-07,1.0986376257092753e-06,6.000033855438232
94,563.9899795055389,8.047493403696222e-08,1.0692808110700666e-06,5.999993562698364
95,569.9899730682373,2.0804749340369566e-06,1.0400602555498764e-06,6.000006437301636
96,575.9899795055389,4.080474934036951e-06,1.0109755583832877e-06,6.000031471252441
97,581.9900109767914,3.080474934036954e-06,9.820265210130583e-07,5.999972343444824
98,587.9899833202362,-9.19525065963035e-07,9.532134074450519e-07,5.999980926513672
99,593.9899642467499,-9.19525065963035e-07,9.245357499025333e-07,6.000021934509277
100,599.9899861812592,-1.9195250659630593e-06,8.95993254183842e-07,5.999962329864502
101,605.9899485111237,8.047493403696222e-08,8.675862573797202e-07,6.000027656555176
102,611.9899761676788,-9.19525065963035e-07,8.393140272897199e-07,5.999995946884155
103,617.989972114563,1.0804749340369594e-06,8.11176881383732e-07,5.999934196472168
104,623.9899063110352,3.080474934036954e-06,7.831748164863939e-07,6.000090837478638
105,629.9899971485138,1.0804749340369594e-06,7.553066756442951e-07,5.999972105026245
106,635.98996925354,3.080474934036954e-06,7.275735982363266e-07,5.999969244003296
107,641.9899384975433,1.0804749340369594e-06,6.999749036914586e-07,6.0000550746917725
108,647.9899935722351,-1.9195250659630593e-06,6.725100459284551e-07,5.9980926513671875
109,653.9880862236023,-9.19525065963035e-07,6.451881969073067e-07,6.001906156539917
110,659.9899923801422,-9.19525065963035e-07,6.17982967861942e-07,5.999981164932251
111,665.9899735450745,3.080474934036954e-06,5.90920292365615e-07,5.999988079071045
112,671.9899616241455,5.080474934036948e-06,5.639912515484358e-07,6.000003337860107
113,677.9899649620056,3.080474934036954e-06,5.371956677970717e-07,5.999989032745361
114,683.989953994751,-9.19525065963035e-07,5.105335322719354e-07,6.000013113021851
115,689.9899671077728,-1.9195250659630593e-06,4.84004533823356e-07,6.000006675720215
116,695.989973783493,-1.9195250659630593e-06,4.576086670695506e-07,5.999982595443726
117,701.9899563789368,1.0804749340369594e-06,4.313458677101965e-07,6.000009059906006
118,707.9899654388428,-2.9195250659630565e-06,4.052157736805481e-07,5.999974727630615
119,713.9899401664734,8.047493403696222e-08,3.7921850858855017e-07,6.000013828277588
120,719.989953994751,3.080474934036954e-06,3.533536135128048e-07,6.000004053115845
121,725.9899580478668,8.047493403696222e-08,3.276211592166857e-07,6.0000293254852295
122,731.989987373352,8.047493403696222e-08,3.0202085499977107e-07,5.999971389770508
123,737.9899587631226,-9.19525065963035e-07,2.76552913904138e-07,6.000010967254639
124,743.9899697303772,3.080474934036954e-06,2.5121678050905295e-07,5.9999895095825195
125,749.9899592399597,-2.9195250659630565e-06,2.2601257224262783e-07,6.000013589859009
126,755.9899728298187,8.047493403696222e-08,2.0093995699698038e-07,5.999944686889648
127,761.9899175167084,8.047493403696222e-08,1.7599918095104317e-07,6.000037670135498
128,767.9899551868439,1.0804749340369594e-06,1.5118943105975544e-07,5.9999918937683105
129,773.9899470806122,1.0804749340369594e-06,1.265111417334645e-07,6.000032424926758
130,779.9899795055389,8.047493403696222e-08,1.0196381690881222e-07,5.999951124191284
131,785.9899306297302,-1.9195250659630593e-06,7.754781278709087e-08,6.0000269412994385
132,791.9899575710297,2.0804749340369566e-06,5.3262348915878286e-08,6.000005006790161
133,797.9899625778198,1.0804749340369594e-06,2.9107681810681343e-08,5.99999475479126
134,803.9899573326111,4.080474934036951e-06,5.083622486315761e-09,5.999982595443726
135,809.9899399280548,4.080474934036951e-06,-1.8809963053098344e-08,6.0000200271606445
136,815.9899599552155,1.0804749340369594e-06,-4.2573412371492483e-08,6.0
137,821.9899599552155,1.0804749340369594e-06,-6.620663823500002e-08,5.999998569488525
138,827.989958524704,2.0804749340369566e-06,-8.970985549386344e-08,5.999891519546509
139,833.9898500442505,8.047493403696222e-08,-1.1308279483841849e-07,6.000116586685181
140,839.9899666309357,-2.9195250659630565e-06,-1.3632688712437714e-07,5.999994516372681
141,845.9899611473083,8.047493403696222e-08,-1.594409251252184e-07,6.000006914138794
142,851.9899680614471,8.047493403696222e-08,-1.8242557131430243e-07,5.999997854232788
143,857.9899659156799,-9.19525065963035e-07,-2.0528088428640564e-07,6.010368585586548
144,864.0003345012665,1.0804749340369594e-06,-2.2804620917082494e-07,5.989605903625488
145,869.989940404892,-1.9195250659630593e-06,-2.5060409891237563e-07,5.9999988079071045
146,875.9899392127991,3.080474934036954e-06,-2.7307236607465315e-07,6.00000786781311
147,881.9899470806122,-9.19525065963035e-07,-2.954119320260626e-07,5.999959707260132
148,887.9899067878723,-1.9195250659630593e-06,-3.176227258791917e-07,6.000070333480835
149,893.9899771213531,2.0804749340369566e-06,-3.3970547433101757e-07,5.999982118606567
150,899.9899592399597,1.0804749340369594e-06,-3.616595857465906e-07,5.999990463256836
151,905.9899497032166,1.0804749340369594e-06,-3.8348555690412924e-07,6.000008821487427
152,911.989958524704,2.0804749340369566e-06,-4.051835642763259e-07,5.99999213218689
153,917.9899506568909,1.0804749340369594e-06,-4.267536219683053e-07,6.000022888183594
154,923.9899735450745,-9.19525065963035e-07,-4.481960409999421e-07,5.999987363815308
155,929.9899609088898,8.047493403696222e-08,-4.695107255579052e-07,5.999979019165039
156,935.9899399280548,1.0804749340369594e-06,-4.90697914497648e-07,6.0000128746032715
157,941.9899528026581,8.047493403696222e-08,-5.117578969258634e-07,5.999956846237183
158,947.9899096488953,-3.919525065963054e-06,-5.326904989575581e-07,5.999847173690796
159,953.9897568225861,-4.919525065963051e-06,-5.534956796028265e-07,6.000178098678589
160,959.9899349212646,8.047493403696222e-08,-5.741751005651389e-07,6.000012159347534
161,965.9899470806122,-2.9195250659630565e-06,-5.947271850882865e-07,6.000022649765015
162,971.9899697303772,-2.9195250659630565e-06,-6.151526833353556e-07,5.9999778270721436
163,977.9899475574493,2.0804749340369566e-06,-6.354515489959948e-07,6.000007390975952
164,983.9899549484253,8.047493403696222e-08,-6.556241751164698e-07,5.99999475479126
165,989.9899497032166,2.0804749340369566e-06,-6.75670560183132e-07,6.000025749206543
166,995.9899754524231,1.0804749340369594e-06,-6.955909902928086e-07,5.999967336654663
167,1001.9899427890778,3.080474934036954e-06,-7.153853103745514e-07,6.000007629394531
168,1007.9899504184723,1.0804749340369594e-06,-7.35053987536642e-07,5.999754428863525
169,1013.9897048473358,-3.919525065963054e-06,-7.545962072623234e-07,6.000231981277466
170,1019.9899368286133,2.0804749340369566e-06,-7.740144835989419e-07,6.000032901763916
171,1025.9899697303772,2.0804749340369566e-06,-7.933067589630754e-07,5.999969482421875
172,1031.989939212799,-1.9195250659630593e-06,-8.124736186809519e-07,6.000024080276489
173,1037.9899632930756,8.047493403696222e-08,-8.315155809366962e-07,5.999991416931152
174,1043.9899547100067,-2.9195250659630565e-06,-8.504325090102216e-07,6.000022649765015
175,1049.9899773597717,-1.9195250659630593e-06,-8.692247453029239e-07,5.999985456466675
176,1055.9899628162384,-3.919525065963054e-06,-8.878922165901703e-07,5.999993085861206
177,1061.9899559020996,-2.9195250659630565e-06,-9.064352041497517e-07,6.000036954879761
178,1067.9899928569794,-2.9195250659630565e-06,-9.248539592808302e-07,5.999758720397949
179,1073.9897515773773,8.047493403696222e-08,-9.431476413777985e-07,6.000213384628296
180,1079.9899649620056,-2.9195250659630565e-06,-9.613186205275158e-07,6.000012636184692
181,1085.9899775981903,1.0804749340369594e-06,-9.79365044913809e-07,5.999981641769409
182,1091.9899592399597,-1.9195250659630593e-06,-9.97287573195343e-07,5.994475841522217
183,1097.984435081482,-1.9195250659630593e-06,-1.0150701635749873e-06,6.005467176437378
184,1103.9899022579193,-1.9195250659630593e-06,-1.0327617261844482e-06,6.000056982040405
185,1109.9899592399597,-1.9195250659630593e-06,-1.0503139122238551e-06,5.999986886978149
186,1115.9899461269379,-1.9195250659630593e-06,-1.0677426533187415e-06,6.000027656555176
187,1121.989973783493,-9.19525065963035e-07,-1.0850484133154223e-06,5.999974966049194
188,1127.9899487495422,-2.9195250659630565e-06,-1.1022310639172655e-06,5.999759197235107
189,1133.9897079467773,-9.19525065963035e-07,-1.1192902872464693e-06,6.000243663787842
190,1139.9899516105652,-1.9195250659630593e-06,-1.1362282069524846e-06,6.0000159740448
191,1145.98996758461,-4.919525065963051e-06,-1.1530429457399223e-06,5.9999754428863525
192,1151.9899430274963,-5.919525065963048e-06,-1.1697351772312629e-06,6.000029802322388
193,1157.9899728298187,-7.919525065963042e-06,-1.1863053058968792e-06,5.999974250793457
194,1163.9899470806122,-2.9195250659630565e-06,-1.202753169136388e-06,6.000051259994507
195,1169.9899983406067,-5.919525065963048e-06,-1.2190792705905407e-06,5.999971866607666
196,1175.9899702072144,-5.919525065963048e-06,-1.2352833256633761e-06,5.999979496002197
197,1181.9899497032166,-3.919525065963054e-06,-1.2513657124632471e-06,5.999997854232788
198,1187.9899475574493,-3.919525065963054e-06,-1.2673265998586764e-06,5.999739646911621
199,1193.989687204361,-3.919525065963054e-06,-1.2831654003231504e-06,6.00025486946106
200,1199.989942073822,-5.919525065963048e-06,-1.2988842887526338e-06,5.999922037124634
201,1205.9898641109467,-4.919525065963051e-06,-1.3144811788671381e-06,6.000097036361694
202,1211.9899611473083,-2.9195250659630565e-06,-1.3299575364690412e-06,6.002000331878662
203,1217.991961479187,-2.9195250659630565e-06,-1.3453178975632613e-06,5.997985601425171
204,1223.9899470806122,-9.19525065963035e-07,-1.3605473213408935e-06,6.000004291534424
205,1229.9899513721466,-2.9195250659630565e-06,-1.3756613283090913e-06,5.999999523162842
206,1235.9899508953094,-4.919525065963051e-06,-1.3906549015696202e-06,5.999997854232788
207,1241.9899487495422,-5.919525065963048e-06,-1.4055281899636906e-06,6.000040769577026
208,1247.9899895191193,-3.919525065963054e-06,-1.420281443674086e-06,5.999996185302734
209,1253.989985704422,-2.9195250659630565e-06,-1.4349145885045305e-06,5.999988794326782
210,1259.9899744987488,-3.919525065963054e-06,-1.4494278576254345e-06,5.999991416931152
211,1265.98996591568,-2.9195250659630565e-06,-1.4638214163029397e-06,5.9984214305877686
212,1271.9883873462677,-3.919525065963054e-06,-1.4780916796983544e-06,6.001572608947754
213,1277.9899599552155,-9.19525065963035e-07,-1.49224997314804e-06,5.9999940395355225
214,1283.989953994751,8.047493403696222e-08,-1.506285232681129e-06,5.999933242797852
215,1289.9898872375488,-2.9195250659630565e-06,-1.5202011984974656e-06,6.000128269195557
216,1295.9900155067444,-1.9195250659630593e-06,-1.5339986008491862e-06,5.999919652938843
217,1301.9899351596832,-1.9195250659630593e-06,-1.5476766528578487e-06,6.000031471252441
218,1307.9899666309357,-9.19525065963035e-07,-1.5612362287996509e-06,5.999987602233887
219,1313.9899542331696,8.047493403696222e-08,-1.5746771157188087e-06,6.000005006790161
220,1319.9899592399597,8.047493403696222e-08,-1.5879995925644908e-06,5.9999680519104
221,1325.9899272918701,1.0804749340369594e-06,-1.6012036801161628e-06,6.000018358230591
222,1331.9899456501007,8.047493403696222e-08,-1.6142897109164347e-06,6.000057697296143
223,1337.9900033473969,-3.919525065963054e-06,-1.6272577993022396e-06,5.9999613761901855
224,1343.989964723587,-5.919525065963048e-06,-1.6401077946507033e-06,5.9999871253967285
225,1349.9899518489838,-4.919525065963051e-06,-1.652840101378518e-06,5.999988317489624
226,1355.9899401664734,-4.919525065963051e-06,-1.6654548074822189e-06,6.026656866073608
227,1362.016597032547,-5.919525065963048e-06,-1.6780073366593823e-06,5.973334074020386
228,1367.9899311065674,-4.919525065963051e-06,-1.690332003174974e-06,6.000049829483032
229,1373.9899809360504,-6.919525065963045e-06,-1.7025948700288811e-06,5.999993801116943
230,1379.9899747371674,-6.919525065963045e-06,-1.714740582053285e-06,6.0000081062316895
231,1385.989982843399,-2.9195250659630565e-06,-1.7267694237470008e-06,5.999982595443726
232,1391.9899654388428,-9.19525065963035e-07,-1.7386814565159833e-06,6.000005006790161
233,1397.989970445633,-9.19525065963035e-07,-1.7504769164947826e-06,5.999997854232788
234,1403.9899682998657,-1.9195250659630593e-06,-1.7621558860206821e-06,6.000001907348633
235,1409.9899702072144,-2.9195250659630565e-06,-1.773718527898001e-06,5.999999284744263
236,1415.9899694919586,-3.919525065963054e-06,-1.7851649701225005e-06,6.000001668930054
237,1421.9899711608887,-5.919525065963048e-06,-1.7964953631550315e-06,5.999989748001099
238,1427.9899609088898,-1.9195250659630593e-06,-1.8077098211603124e-06,6.000023365020752
239,1433.9899842739105,8.047493403696222e-08,-1.818808569526693e-06,5.999979257583618
240,1439.9899635314941,-9.19525065963035e-07,-1.8297916056860041e-06,5.99998140335083
241,1445.989944934845,-9.19525065963035e-07,-1.8406591564194987e-06,6.00001859664917
242,1451.9899635314941,-2.9195250659630565e-06,-1.8514114249741621e-06,6.000003099441528
243,1457.9899666309357,-1.9195250659630593e-06,-1.8620484572034336e-06,6.00000262260437
244,1463.98996925354,-3.919525065963054e-06,-1.8725704210985962e-06,5.999994993209839
245,1469.9899642467499,-3.919525065963054e-06,-1.8829774452517423e-06,6.000005006790161
246,1475.98996925354,-2.9195250659630565e-06,-1.8932697010985415e-06,6.000007390975952
247,1481.989976644516,-9.19525065963035e-07,-1.9034473160985273e-06,5.999992609024048
248,1487.98996925354,-1.9195250659630593e-06,-1.9135104023907386e-06,6.000025510787964
249,1493.989994764328,-3.919525065963054e-06,-1.923459180334013e-06,5.999992609024048
250,1499.989987373352,-3.919525065963054e-06,-1.9332936817203507e-06,5.999979019165039
251,1505.989966392517,-4.919525065963051e-06,-1.9430140804325536e-06,5.999993801116943
252,1511.989960193634,-2.9195250659630565e-06,-1.952620563302465e-06,5.999995708465576
253,1517.9899559020996,8.047493403696222e-08,-1.9621132501431196e-06,6.0000083446502686
254,1523.9899642467499,-3.919525065963054e-06,-1.9714922984174376e-06,5.999995946884155
255,1529.989960193634,1.0804749340369594e-06,-1.980757809888411e-06,6.0000128746032715
256,1535.9899730682373,-1.9195250659630593e-06,-1.9899099706161874e-06,5.999998569488525
257,1541.9899716377258,-2.9195250659630565e-06,-1.998948873787567e-06,5.9999871253967285
258,1547.9899587631226,-2.9195250659630565e-06,-2.007874665343282e-06,6.000020742416382
259,1553.989979505539,-9.19525065963035e-07,-2.0166875525937433e-06,6.000003337860107
260,1559.989982843399,-1.9195250659630593e-06,-2.0253876010428026e-06,5.999966621398926
261,1565.989949464798,-3.919525065963054e-06,-2.0339749251154344e-06,6.000006675720215
262,1571.9899561405182,-3.919525065963054e-06,-2.042449775496015e-06,6.000001430511475
263,1577.9899575710297,-2.9195250659630565e-06,-2.0508122281230093e-06,6.0000035762786865
264,1583.9899611473083,-2.9195250659630565e-06,-2.0590624342870495e-06,6.000016927719116
265,1589.9899780750275,-4.919525065963051e-06,-2.0672005498644273e-06,6.000000238418579
266,1595.989978313446,-4.919525065963051e-06,-2.0752266751055364e-06,5.999991178512573
267,1601.9899694919586,-4.919525065963051e-06,-2.0831409618388466e-06,5.999995946884155
268,1607.9899654388428,-4.919525065963051e-06,-2.090943569326371e-06,6.000032424926758
269,1613.9899978637695,-9.19525065963035e-07,-2.098634678556274e-06,5.999978303909302
270,1619.9899761676788,2.0804749340369566e-06,-2.1062143147885e-06,5.9999847412109375
271,1625.9899609088898,3.080474934036954e-06,-2.113682696754402e-06,5.9997782707214355
272,1631.9897391796112,3.080474934036954e-06,-2.121039705896697e-06,6.000195026397705
273,1637.989934206009,1.0804749340369594e-06,-2.128286241488041e-06,6.000035047531128
274,1643.98996925354,-3.919525065963054e-06,-2.135421740777941e-06,5.999999046325684
275,1649.9899682998657,-1.9195250659630593e-06,-2.1424464975410122e-06,6.0000152587890625
276,1655.9899835586548,-2.9195250659630565e-06,-2.149360714359416e-06,5.99998664855957
277,1661.9899702072144,-7.919525065963042e-06,-2.156164480825558e-06,5.999993324279785
278,1667.9899635314941,-4.919525065963051e-06,-2.1628579784596804e-06,5.999998092651367
279,1673.9899616241455,-2.9195250659630565e-06,-2.16944134572035e-06,6.000018119812012
280,1679.9899797439575,-7.919525065963042e-06,-2.1759147395701074e-06,5.999983549118042
281,1685.9899632930756,-9.919525065963037e-06,-2.182278242405318e-06,6.000047445297241
282,1691.9900107383728,-7.919525065963042e-06,-2.1885320987573115e-06,5.999927520751953
283,1697.9899382591248,-8.91952506596304e-06,-2.1946762594661746e-06,6.000032901763916
284,1703.9899711608887,-5.919525065963048e-06,-2.200711096554573e-06,5.999975204467773
285,1709.9899463653564,-2.9195250659630565e-06,-2.2066365855949223e-06,6.000015020370483
286,1715.989961385727,-1.9195250659630593e-06,-2.2124529642810375e-06,6.000001668930054
287,1721.989963054657,8.047493403696222e-08,-2.218160321253033e-06,5.999994277954102
288,1727.989957332611,-1.9195250659630593e-06,-2.223758803648038e-06,6.00000524520874
289,1733.9899625778198,2.0804749340369566e-06,-2.229248569400755e-06,5.999998331069946
290,1739.9899609088898,-1.9195250659630593e-06,-2.2346297429424362e-06,5.999997138977051
291,1745.9899580478668,-4.919525065963051e-06,-2.239902470527107e-06,6.000007390975952
292,1751.9899654388428,-6.919525065963045e-06,-2.2450669028685217e-06,5.999998092651367
293,1757.9899635314941,-2.9195250659630565e-06,-2.2501231640153953e-06,5.9999895095825195
294,1763.9899530410767,-5.919525065963048e-06,-2.255071395955771e-06,6.000009536743164
295,1769.9899625778198,-4.919525065963051e-06,-2.2599117628780338e-06,6.000024318695068
296,1775.989986896515,-5.919525065963048e-06,-2.2646444005152667e-06,5.9999847412109375
297,1781.9899716377258,-3.919525065963054e-06,-2.2692694075603505e-06,5.999990224838257
298,1787.989961862564,-9.919525065963037e-06,-2.273786960566823e-06,6.000013828277588
299,1793.9899756908417,-4.919525065963051e-06,-2.2781972132986397e-06,5.9999895095825195
300,1799.9899652004242,-8.91952506596304e-06,-2.2825002714522245e-06,6.000003099441528
301,1805.9899682998657,-2.9195250659630565e-06,-2.2866963034044475e-06,5.999907970428467
302,1811.9898762702942,-2.9195250659630565e-06,-2.290785376204144e-06,6.000086784362793
303,1817.989963054657,-2.9195250659630565e-06,-2.2947678152173964e-06,6.000006198883057
304,1823.98996925354,-6.919525065963045e-06,-2.298643586554841e-06,5.999985933303833
305,1829.9899551868439,-1.9195250659630593e-06,-2.302412872771211e-06,6.000023126602173
306,1835.989978313446,-9.19525065963035e-07,-2.306075850415463e-06,5.99989914894104
307,1841.989877462387,4.080474934036951e-06,-2.309632564298871e-06,6.000096559524536
308,1847.9899740219116,-9.19525065963035e-07,-2.313083343894062e-06,5.999998092651367
309,1853.989972114563,2.0804749340369566e-06,-2.316428157315772e-06,5.999976396560669
310,1859.9899485111237,8.047493403696222e-08,-2.3196671914448254e-06,6.000016450881958
311,1865.9899649620056,-1.9195250659630593e-06,-2.3228006200336367e-06,5.999981880187988
312,1871.9899468421936,1.0804749340369594e-06,-2.325828544867035e-06,6.000014543533325
313,1877.989961385727,8.047493403696222e-08,-2.328751140827956e-06,5.999990701675415
314,1883.9899520874023,8.047493403696222e-08,-2.3315685210624317e-06,5.999998331069946
315,1889.9899504184723,-3.919525065963054e-06,-2.334280841676693e-06,6.000031232833862
316,1895.9899816513062,-2.9195250659630565e-06,-2.336888253934057e-06,5.998307466506958
317,1901.988289117813,-3.919525065963054e-06,-2.3393901796237517e-06,6.001712083816528
318,1907.9900012016296,-3.919525065963054e-06,-2.3417888547340157e-06,5.999982118606567
319,1913.9899833202362,-4.919525065963051e-06,-2.3440823242637127e-06,6.000006198883057
320,1919.9899895191193,-1.9195250659630593e-06,-2.346271444175674e-06,5.999915599822998
321,1925.9899051189423,-2.9195250659630565e-06,-2.3483563152627965e-06,6.089614391326904
322,1932.0795195102692,-4.919525065963051e-06,-2.350365936330246e-06,5.910370349884033
323,1937.9898898601532,-2.9195250659630565e-06,-2.3522140227775563e-06,5.998469591140747
324,1943.988359451294,-2.9195250659630565e-06,-2.353986676816685e-06,6.001618146896362
325,1949.9899775981903,8.047493403696222e-08,-2.355656578278295e-06,6.000030040740967
326,1955.9900076389313,8.047493403696222e-08,-2.357222509710793e-06,5.999955415725708
327,1961.989963054657,-2.9195250659630565e-06,-2.3586850500595893e-06,6.00001335144043
328,1967.9899764060974,-9.19525065963035e-07,-2.3600443729709343e-06,6.000009059906006
329,1973.9899854660034,2.0804749340369566e-06,-2.3613006038650937e-06,6.000015497207642
330,1979.990000963211,1.0804749340369594e-06,-2.3624538858362224e-06,5.999938249588013
331,1985.989939212799,1.0804749340369594e-06,-2.363504345521362e-06,6.000038146972656
332,1991.9899773597717,1.0804749340369594e-06,-2.3644521542553803e-06,5.999927759170532
333,1997.9899051189423,-2.9195250659630565e-06,-2.365297419988739e-06,5.996710777282715
334,2003.986615896225,-1.9195250659630593e-06,-2.3660399310967278e-06,6.003353595733643
335,2009.9899694919586,-2.9195250659630565e-06,-2.366680961709237e-06,6.000030279159546
336,2015.9899997711182,-3.919525065963054e-06,-2.3672195037468528e-06,5.999997854232788
337,2021.989997625351,-4.919525065963051e-06,-2.3676560791927057e-06,5.999966382980347
338,2027.9899640083313,-2.9195250659630565e-06,-2.3679908306459033e-06,6.000027179718018
339,2033.9899911880493,-2.9195250659630565e-06,-2.3682239034104735e-06,5.998337030410767
340,2039.98832821846,-1.9195250659630593e-06,-2.3683554117162767e-06,6.001582860946655
341,2045.9899110794067,-4.919525065963051e-06,-2.368385565227227e-06,6.000043869018555
342,2051.9899549484253,-1.9195250659630593e-06,-2.3683144375569458e-06,6.000011444091797
343,2057.989966392517,1.0804749340369594e-06,-2.3681421915453813e-06,6.00001072883606
344,2063.989977121353,8.047493403696222e-08,-2.3678689680232162e-06,5.999892711639404
345,2069.9898698329926,8.047493403696222e-08,-2.367494916227228e-06,6.000125408172607
346,2075.989995241165,3.080474934036954e-06,-2.367020152307459e-06,5.999974489212036
347,2081.989969730377,2.0804749340369566e-06,-2.3664448454617997e-06,6.000009298324585
348,2087.989979028702,3.080474934036954e-06,-2.365769121703672e-06,6.000019788742065
349,2093.989998817444,3.080474934036954e-06,-2.364993123537715e-06,5.999894142150879
350,2099.9898929595947,6.0804749340369454e-06,-2.3641170123557236e-06,6.000043869018555
351,2105.9899368286133,2.0804749340369566e-06,-2.3631408882467318e-06,6.000006198883057
352,2111.9899430274963,8.047493403696222e-08,-2.362064919798975e-06,5.999920845031738
353,2117.989863872528,4.080474934036951e-06,-2.3608892595337076e-06,6.00014591217041
354,2123.9900097846985,8.047493403696222e-08,-2.359613984049484e-06,5.999914169311523
355,2129.98992395401,-1.9195250659630593e-06,-2.3582393315039492e-06,6.00001072883606
356,2135.989934682846,-9.19525065963035e-07,-2.3567653709414386e-06,6.0000691413879395
357,2141.990003824234,-2.9195250659630565e-06,-2.3551922487911793e-06,5.999972343444824
358,2147.989976167679,-8.91952506596304e-06,-2.3535201476007665e-06,6.000025749206543
359,2153.9900019168854,-7.919525065963042e-06,-2.3517491674880155e-06,5.998364448547363
360,2159.9883663654327,-9.919525065963037e-06,-2.349879995138298e-06,6.000033855438232
361,2165.988400220871,-9.919525065963037e-06,-2.3479117333294138e-06,6.001571893692017
362,2171.989972114563,-3.919525065963054e-06,-2.345844487064665e-06,5.999997615814209
363,2177.989969730377,-3.919525065963054e-06,-2.3436794702089084e-06,5.999959707260132
364,2183.9899294376373,-1.9195250659630593e-06,-2.3414163089199257e-06,5.998472690582275
365,2189.9884021282196,8.047493403696222e-08,-2.3390557280493317e-06,6.001563787460327
366,2195.98996591568,2.0804749340369566e-06,-2.336596027602686e-06,6.000002861022949
367,2201.989968776703,3.080474934036954e-06,-2.3340392176590165e-06,6.000029563903809
368,2207.9899983406067,2.0804749340369566e-06,-2.3313848000807055e-06,6.000004291534424
369,2213.990002632141,-9.19525065963035e-07,-2.3286329387297272e-06,5.998316049575806
370,2219.988318681717,4.080474934036951e-06,-2.325784578889486e-06,5.999877691268921
371,2225.988196372986,3.080474934036954e-06,-2.3228383212642027e-06,6.0017759799957275
372,2231.9899723529816,1.0804749340369594e-06,-2.319794057452779e-06,5.999895095825195
373,2237.9898674488068,-4.919525065963051e-06,-2.316653844863613e-06,6.000074148178101
374,2243.989941596985,1.0804749340369594e-06,-2.3134167875157064e-06,6.0000059604644775
375,2249.9899475574493,8.047493403696222e-08,-2.310083157017332e-06,6.000045299530029
376,2255.9899928569794,1.0804749340369594e-06,-2.3066530352277403e-06,5.999973773956299
377,2261.9899666309357,8.047493403696222e-08,-2.303126627204562e-06,6.000000476837158
378,2267.989967107773,2.0804749340369566e-06,-2.2995040171967524e-06,5.999961614608765
379,2273.9899287223816,8.047493403696222e-08,-2.295785385983179e-06,6.000071287155151
380,2279.9900000095367,-9.19525065963035e-07,-2.2919707807098413e-06,5.999952077865601
381,2285.9899520874023,-3.919525065963054e-06,-2.2880604880205346e-06,5.999835252761841
382,2291.989787340164,-7.919525065963042e-06,-2.2840546529069988e-06,6.000176906585693
383,2297.98996424675,-3.919525065963054e-06,-2.279953104793865e-06,6.000014781951904
384,2303.989979028702,-5.919525065963048e-06,-2.2757563246691245e-06,5.999992609024048
385,2309.989971637726,-3.919525065963054e-06,-2.2714643599383077e-06,6.0000081062316895
386,2315.9899797439575,-9.19525065963035e-07,-2.267077324716297e-06,6.000001907348633
387,2321.989981651306,1.0804749340369594e-06,-2.2625953755480617e-06,5.999957084655762
388,2327.989938735962,2.0804749340369566e-06,-2.2580186833964236e-06,6.000078201293945
389,2333.990016937256,1.0804749340369594e-06,-2.2533472607819317e-06,5.999962091445923
390,2339.989979028702,2.0804749340369566e-06,-2.2485814331830106e-06,5.994464159011841
391,2345.9844431877136,4.080474934036951e-06,-2.243725748682126e-06,6.005346775054932
392,2351.9897899627686,3.080474934036954e-06,-2.2387669525821446e-06,6.000180006027222
393,2357.989969968796,3.080474934036954e-06,-2.233718303688014e-06,6.000022888183594
394,2363.9899928569794,3.080474934036954e-06,-2.228575852993541e-06,5.9999799728393555
395,2369.9899728298187,2.0804749340369566e-06,-2.223339648219603e-06,5.999949216842651
396,2375.9899220466614,4.080474934036951e-06,-2.218009821381909e-06,5.999993562698364
397,2381.9899156093597,1.0804749340369594e-06,-2.2125864463491834e-06,6.000057220458984
398,2387.9899728298187,1.0804749340369594e-06,-2.2070696440447564e-06,6.000036954879761
399,2393.9900097846985,2.0804749340369566e-06,-2.20145963152462e-06,5.999981641769409
400,2399.989991426468,-1.9195250659630593e-06,-2.1957565842221796e-06,5.999983549118042
401,2405.989974975586,8.047493403696222e-08,-2.189960589893027e-06,5.999912261962891
402,2411.989887237549,8.047493403696222e-08,-2.1840718617532625e-06,6.015155792236328
403,2418.005043029785,-1.9195250659630593e-06,-2.1780751580287037e-06,5.98490834236145
404,2423.9899513721466,-5.919525065963048e-06,-2.1720163182795664e-06,6.000013828277588
405,2429.989965200424,-6.919525065963045e-06,-2.1658499202987675e-06,6.00002384185791
406,2435.989989042282,-6.919525065963045e-06,-2.1595912701428296e-06,6.000019788742065
407,2441.990008831024,-9.919525065963037e-06,-2.1532405232509552e-06,5.999993562698364
408,2447.9900023937225,-4.919525065963051e-06,-2.1467978446918503e-06,5.99998664855957
409,2453.989989042282,-1.9195250659630593e-06,-2.140263355392297e-06,5.99994421005249
410,2459.9899332523346,-1.9195250659630593e-06,-2.133637236073664e-06,5.999964475631714
411,2465.9898977279663,-2.9195250659630565e-06,-2.126919558895507e-06,6.0000975131988525
412,2471.989995241165,4.080474934036951e-06,-2.1201103349931544e-06,5.999979257583618
413,2477.989974498749,1.0804749340369594e-06,-2.11320999011241e-06,6.000003814697266
414,2483.989978313446,2.0804749340369566e-06,-2.106218503050198e-06,5.999997615814209
415,2489.9899759292603,1.0804749340369594e-06,-2.0991360501286855e-06,5.9999589920043945
416,2495.9899349212646,4.080474934036951e-06,-2.0919628115423877e-06,5.9999401569366455
417,2501.9898750782013,3.080474934036954e-06,-2.084698905836481e-06,6.0001137256622314
418,2507.9899888038635,6.0804749340369454e-06,-2.0773442374721555e-06,5.999863386154175
419,2513.9898521900177,6.0804749340369454e-06,-2.069899468692947e-06,6.000044345855713
420,2519.9898965358734,4.080474934036951e-06,-2.0623642068033285e-06,6.0000245571136475
421,2525.989921092987,5.080474934036948e-06,-2.0547388411826793e-06,6.000050067901611
422,2531.9899711608887,5.080474934036948e-06,-2.0470234550365716e-06,6.000009059906006
423,2537.9899802207947,-9.19525065963035e-07,-2.0392182751530396e-06,5.99436354637146
424,2543.984343767166,-2.9195250659630565e-06,-2.0313308605650134e-06,6.0018932819366455
425,2549.986237049103,-2.9195250659630565e-06,-2.0233439738376977e-06,6.003755807876587
426,2555.9899928569794,-7.919525065963042e-06,-2.0152650872391615e-06,6.00001335144043
427,2561.99000620842,-9.919525065963037e-06,-2.0071019260827164e-06,6.000001430511475
428,2567.9900076389313,-1.0919525065963034e-05,-1.9988496396352446e-06,5.9999167919158936
429,2573.989924430847,-8.91952506596304e-06,-1.9905084709618257e-06,6.000050067901611
430,2579.989974498749,-6.919525065963045e-06,-1.9820782569350904e-06,5.999973773956299
431,2585.989948272705,-5.919525065963048e-06,-1.973559431641365e-06,5.999980688095093
432,2591.9899289608,1.0804749340369594e-06,-1.964952019381007e-06,6.000063896179199
433,2597.9899928569794,-9.19525065963035e-07,-1.9562560496134106e-06,6.00000262260437
434,2603.9899954795837,-3.919525065963054e-06,-1.94747187215616e-06,5.99998664855957
435,2609.9899821281433,3.080474934036954e-06,-1.9385995632967654e-06,6.00001072883606
436,2615.9899928569794,2.0804749340369566e-06,-1.929639204529817e-06,5.999835014343262
437,2621.9898278713226,5.080474934036948e-06,-1.920591238458567e-06,6.000027179718018
438,2627.9898550510406,2.0804749340369566e-06,-1.911455250845833e-06,6.0001115798950195
439,2633.9899666309357,5.080474934036948e-06,-1.9022315406214306e-06,6.000017881393433
440,2639.989984512329,4.080474934036951e-06,-1.8929205226776804e-06,6.000001430511475
441,2645.9899859428406,6.0804749340369454e-06,-1.8835222204509345e-06,5.999836683273315
442,2651.989822626114,2.0804749340369566e-06,-1.8740370110805188e-06,6.000128746032715
443,2657.9899513721466,2.0804749340369566e-06,-1.8644643105204408e-06,6.000060796737671
444,2663.9900121688843,-9.19525065963035e-07,-1.8548048291696633e-06,5.999981164932251
445,2669.9899933338165,-9.19525065963035e-07,-1.8450587299451541e-06,5.9999144077301025
446,2675.9899077415466,-9.19525065963035e-07,-1.8352261360072681e-06,6.00009298324585
447,2681.9900007247925,8.047493403696222e-08,-1.8253067837908017e-06,6.000003099441528
448,2687.990003824234,8.047493403696222e-08,-1.8153012560989535e-06,5.9999847412109375
449,2693.989988565445,-3.919525065963054e-06,-1.8052095768948896e-06,6.0000035762786865
450,2699.9899921417236,-5.919525065963048e-06,-1.7950318245131114e-06,5.999936103820801
451,2705.9899282455444,-6.919525065963045e-06,-1.784768287301908e-06,6.000051975250244
452,2711.9899802207947,-4.919525065963051e-06,-1.7744187914956333e-06,6.0000152587890625
453,2717.9899954795837,-6.919525065963045e-06,-1.7639837394995952e-06,6.000001668930054
454,2723.989997148514,-4.919525065963051e-06,-1.7534632330724477e-06,6.000002145767212
455,2729.989999294281,8.047493403696222e-08,-1.7428573887320625e-06,5.999985694885254
456,2735.9899849891663,-2.9195250659630565e-06,-1.7321663776429806e-06,5.999976634979248
457,2741.9899616241455,8.047493403696222e-08,-1.7213903280799546e-06,6.000052452087402
458,2747.990014076233,8.047493403696222e-08,-1.7105292270869448e-06,5.999965667724609
459,2753.9899797439575,2.0804749340369566e-06,-1.6995835101342533e-06,6.000024318695068
460,2759.9900040626526,5.080474934036948e-06,-1.6885530534039264e-06,6.000000715255737
461,2765.9900047779083,4.080474934036951e-06,-1.6774381482735265e-06,5.9999940395355225
462,2771.989998817444,5.080474934036948e-06,-1.666238904926455e-06,5.999970436096191
463,2777.98996925354,2.0804749340369566e-06,-1.6549554964983431e-06,6.031899690628052
464,2784.021868944168,2.0804749340369566e-06,-1.6435273025663768e-06,5.968100547790527
465,2789.9899694919586,1.0804749340369594e-06,-1.6321365026067209e-06,6.000009536743164
466,2795.989979028702,8.047493403696222e-08,-1.6206012363895429e-06,6.00000262260437
467,2801.989981651306,5.080474934036948e-06,-1.6089823371501365e-06,5.999995946884155
468,2807.9899775981903,1.0804749340369594e-06,-1.597279945613142e-06,6.000007629394531
469,2813.989985227585,1.0804749340369594e-06,-1.5854941667706074e-06,5.99993896484375
470,2819.9899241924286,1.0804749340369594e-06,-1.5736253005350313e-06,6.000043869018555
471,2825.989968061447,3.080474934036954e-06,-1.561673143707881e-06,5.999974489212036
472,2831.989942550659,4.080474934036951e-06,-1.5496381836284752e-06,6.000058889389038
473,2837.990001440048,3.080474934036954e-06,-1.5375202524326325e-06,5.99998140335083
474,2843.989982843399,-1.9195250659630593e-06,-1.5253198178307045e-06,5.9999048709869385
475,2849.989887714386,-9.19525065963035e-07,-1.5130370219644513e-06,6.000103712081909
476,2855.989991426468,-9.19525065963035e-07,-1.500671439480394e-06,5.999919891357422
477,2861.9899113178253,-4.919525065963051e-06,-1.4882239995949787e-06,5.998291015625
478,2867.9882023334503,-2.9195250659630565e-06,-1.4756978783129332e-06,5.998715400695801
479,2873.986917734146,-2.9195250659630565e-06,-1.4630889533769928e-06,6.003049373626709
480,2879.989967107773,-5.919525065963048e-06,-1.4503890505791465e-06,6.000014543533325
481,2885.989981651306,-2.9195250659630565e-06,-1.4376138735544841e-06,5.999983787536621
482,2891.989965438843,-4.919525065963051e-06,-1.4247572295860512e-06,6.000005722045898
483,2897.9899711608887,-7.919525065963042e-06,-1.4118191468517412e-06,6.000007152557373
484,2903.989978313446,-3.919525065963054e-06,-1.3987998099923073e-06,5.999990940093994
485,2909.98996925354,1.0804749340369594e-06,-1.385699398493267e-06,5.998187780380249
486,2915.9881570339203,2.0804749340369566e-06,-1.3725219916972053e-06,6.001819610595703
487,2921.989976644516,7.080474934036943e-06,-1.3592557534141336e-06,5.999966859817505
488,2927.9899435043335,3.080474934036954e-06,-1.3459129115662433e-06,5.9998369216918945
489,2933.9897804260254,8.047493403696222e-08,-1.3324898158363988e-06,6.000185012817383
490,2939.989965438843,-1.9195250659630593e-06,-1.318985533270651e-06,6.000008583068848
491,2945.9899740219116,-3.919525065963054e-06,-1.3054013818332272e-06,5.999952554702759
492,2951.9899265766144,1.0804749340369594e-06,-1.2917372344990896e-06,5.999914646148682
493,2957.989841222763,3.080474934036954e-06,-1.2779931927819048e-06,5.999902248382568
494,2963.9897434711456,8.047493403696222e-08,-1.2641693401457946e-06,6.000039577484131
495,2969.9897830486298,6.0804749340369454e-06,-1.250265470025766e-06,6.0001866817474365
496,2975.989969730377,3.080474934036954e-06,-1.2362816950126696e-06,6.000014781951904
497,2981.989984512329,2.0804749340369566e-06,-1.2222188999635296e-06,5.999980211257935
498,2987.989964723587,2.0804749340369566e-06,-1.2080769080098612e-06,6.0000035762786865
499,2993.9899682998657,5.080474934036948e-06,-1.1938557237209853e-06,5.999841213226318
500,2999.989809513092,4.080474934036951e-06,-1.179555930954062e-06,6.000048875808716
501,3005.9898583889008,1.0804749340369594e-06,-1.1651767878107046e-06,5.999926805496216
502,3011.989785194397,-1.9195250659630593e-06,-1.1507192237086428e-06,6.000214338302612
503,3017.9899995326996,-9.19525065963035e-07,-1.1361823893128768e-06,5.999972820281982
504,3023.9899723529816,-2.9195250659630565e-06,-1.121567706365742e-06,5.9999589920043945
505,3029.989931344986,-2.9195250659630565e-06,-1.1068747661709987e-06,6.000027894973755
506,3035.9899592399597,-4.919525065963051e-06,-1.092103505957456e-06,5.999868631362915
507,3041.9898278713226,-1.9195250659630593e-06,-1.0772546301026864e-06,6.000094652175903
508,3047.9899225234985,-3.919525065963054e-06,-1.0623273246810335e-06,5.999990463256836
509,3053.9899129867554,-3.919525065963054e-06,-1.0473225497340028e-06,6.000066757202148
510,3059.9899797439575,-5.919525065963048e-06,-1.0322399953577702e-06,5.995655298233032
511,3065.9856350421906,-4.919525065963051e-06,-1.017091167341344e-06,6.004162311553955
512,3071.9897973537445,-5.919525065963048e-06,-1.0018434871309845e-06,6.000043630599976
513,3077.9898409843445,-2.9195250659630565e-06,-9.865290740501283e-07,5.999950885772705
514,3083.989791870117,-4.919525065963051e-06,-9.711378745610177e-07,6.000168323516846
515,3089.989960193634,8.047493403696222e-08,-9.556692314845519e-07,5.998409748077393
516,3095.9883699417114,-1.9195250659630593e-06,-9.40128409507602e-07,6.001604080200195
517,3101.9899740219116,-3.919525065963054e-06,-9.245026899154699e-07,5.995454549789429
518,3107.985428571701,2.0804749340369566e-06,-9.088165976043432e-07,6.0045390129089355
519,3113.98996758461,1.0804749340369594e-06,-8.93030360322804e-07,5.998353719711304
520,3119.9883213043213,2.0804749340369566e-06,-8.771842086078166e-07,6.001641750335693
521,3125.989963054657,3.080474934036954e-06,-8.612533124722748e-07,5.9997828006744385
522,3131.9897458553314,8.047493403696222e-08,-8.452514479257189e-07,6.00020956993103
523,3137.9899554252625,6.0804749340369454e-06,-8.291726868834044e-07,6.000029802322388
524,3143.989985227585,3.080474934036954e-06,-8.130187909100465e-07,5.999863624572754
525,3149.9898488521576,3.080474934036954e-06,-7.96789870855862e-07,6.000122308731079
526,3155.9899711608887,2.0804749340369566e-06,-7.804849166793106e-07,5.999996900558472
527,3161.989968061447,3.080474934036954e-06,-7.641051105204612e-07,6.000037670135498
528,3167.9900057315826,1.0804749340369594e-06,-7.476501412149625e-07,5.999915599822998
529,3173.9899213314056,-4.919525065963051e-06,-7.311205977722727e-07,6.000039339065552
530,3179.989960670471,8.047493403696222e-08,-7.145159438675248e-07,6.000021457672119
531,3185.9899821281433,8.047493403696222e-08,-6.978367103495882e-07,5.999982118606567
532,3191.98996424675,3.080474934036954e-06,-6.810830988375661e-07,6.000035524368286
533,3197.989999771118,8.047493403696222e-08,-6.642549910038113e-07,5.999975204467773
534,3203.989974975586,-1.9195250659630593e-06,-6.473528468412454e-07,6.004096746444702
535,3209.9940717220306,-5.919525065963048e-06,-6.303649516155392e-07,5.9959001541137695
536,3215.9899718761444,-1.9195250659630593e-06,-6.133263743187282e-07,5.999999761581421
537,3221.989971637726,-4.919525065963051e-06,-5.962023893530675e-07,5.999982595443726
538,3227.9899542331696,-7.919525065963042e-06,-5.790048115634494e-07,6.000019311904907
539,3233.9899735450745,-6.919525065963045e-06,-5.617336270504859e-07,5.999937295913696
540,3239.989910840988,-1.0919525065963034e-05,-5.443893193202159e-07,6.000049114227295
541,3245.9899599552155,-9.919525065963037e-06,-5.269714684031433e-07,5.999978065490723
542,3251.989938020706,-5.919525065963048e-06,-5.094807453088586e-07,6.000054359436035
543,3257.989992380142,-8.91952506596304e-06,-4.919168613227852e-07,5.9999425411224365
544,3263.9899349212646,-9.919525065963037e-06,-4.7428050865195943e-07,6.00003981590271
545,3269.9899747371674,-6.919525065963045e-06,-4.565712138518031e-07,5.998093366622925
546,3275.9880681037903,-4.919525065963051e-06,-4.387951834394423e-07,6.001873970031738
547,3281.989942073822,-2.9195250659630565e-06,-4.209355523392518e-07,6.000017166137695
548,3287.9899592399597,-3.919525065963054e-06,-4.030092017641186e-07,6.000017166137695
549,3293.9899764060974,2.0804749340369566e-06,-3.850107585625103e-07,5.999975919723511
550,3299.989952325821,1.0804749340369594e-06,-3.66940488107625e-07,6.0000128746032715
551,3305.989965200424,8.047493403696222e-08,-3.4879829585837663e-07,6.000024795532227
552,3311.9899899959564,1.0804749340369594e-06,-3.305843975356068e-07,5.999981164932251
553,3317.9899711608887,4.080474934036951e-06,-3.1229910324372207e-07,6.000019788742065
554,3323.9899909496307,6.0804749340369454e-06,-2.939423032999942e-07,5.999988555908203
555,3329.989979505539,2.0804749340369566e-06,-2.755143521978302e-07,6.000003337860107
556,3335.989982843399,2.0804749340369566e-06,-2.5701524980587983e-07,5.999993801116943
557,3341.989976644516,4.080474934036951e-06,-2.384452119117682e-07,6.0000035762786865
558,3347.9899802207947,5.080474934036948e-06,-2.1980431964298874e-07,5.999949216842651
559,3353.9899294376373,1.0804749340369594e-06,-2.0109291394321744e-07,6.000034809112549
560,3359.98996424675,-3.919525065963054e-06,-1.8231069871072712e-07,5.999924182891846
561,3365.9898884296417,3.080474934036954e-06,-1.6345842951897293e-07,6.000096797943115
562,3371.989985227585,2.0804749340369566e-06,-1.4453535621404606e-07,5.999955415725708
563,3377.9899406433105,5.080474934036948e-06,-1.2554260943183157e-07,5.999972343444824
564,3383.9899129867554,6.0804749340369454e-06,-1.0647983112774946e-07,6.00006890296936
565,3389.9899818897247,2.0804749340369566e-06,-8.734690721890974e-08,5.999996185302734
566,3395.9899780750275,-1.9195250659630593e-06,-6.814451798061581e-08,6.000036716461182
567,3401.9900147914886,-4.919525065963051e-06,-4.8872442436365385e-08,6.000007629394531
568,3407.990022420883,-5.919525065963048e-06,-2.9531044903621368e-08,5.999960899353027
569,3413.989983320236,-4.919525065963051e-06,-1.0120524472271302e-08,5.999982118606567
570,3419.989965438843,-5.919525065963048e-06,9.35919733845189e-09,5.999995231628418
571,3425.989960670471,-6.919525065963045e-06,2.890795390265188e-08,5.999997615814209
572,3431.9899582862854,-3.919525065963054e-06,4.852556962983966e-08,6.000004768371582
573,3437.989963054657,-5.919525065963048e-06,6.821191937253629e-08,5.999959468841553
574,3443.9899225234985,-4.919525065963051e-06,8.796668947672329e-08,6.000067472457886
575,3449.9899899959564,-7.919525065963042e-06,1.0779024486110367e-07,5.999872922897339
576,3455.9898629188538,-7.919525065963042e-06,1.2768144354535982e-07,5.998507261276245
577,3461.98837018013,-7.919525065963042e-06,1.4763623550727058e-07,6.001595735549927
578,3467.98996591568,-5.919525065963048e-06,1.6766932640278027e-07,6.000020503997803
579,3473.9899864196777,-7.919525065963042e-06,1.8776503376996124e-07,5.999993085861206
580,3479.989979505539,-9.919525065963037e-06,2.0792837355042706e-07,5.999963045120239
581,3485.989942550659,-5.919525065963048e-06,2.2815919505729002e-07,6.0000245571136475
582,3491.989967107773,8.047493403696222e-08,2.4845766661954763e-07,5.9977357387542725
583,3497.987702846527,-4.919525065963051e-06,2.6881565856351293e-07,6.002246618270874
584,3503.989949464798,-1.9195250659630593e-06,2.892561473970994e-07,6.000014066696167
585,3509.989963531494,4.080474934036951e-06,3.0975606587220693e-07,6.0000104904174805
586,3515.9899740219116,4.080474934036951e-06,3.3032285121486857e-07,5.999999284744263
587,3521.989973306656,8.047493403696222e-08,3.5095633612347677e-07,5.999990940093994
588,3527.98996424675,-9.19525065963035e-07,3.7165638920878373e-07,5.999998569488525
589,3533.9899628162384,2.0804749340369566e-06,3.924229246676123e-07,5.999997854232788
590,3539.989960670471,3.080474934036954e-06,4.1325577283124086e-07,5.999988555908203
591,3545.9899492263794,8.080474934036967e-06,4.3415476283036167e-07,6.000025510787964
592,3551.9899747371674,6.0804749340369454e-06,4.5511991532732193e-07,6.00000524520874
593,3557.989979982376,7.080474934036943e-06,4.761508897563672e-07,5.9999823570251465
594,3563.9899623394012,3.080474934036954e-06,4.972475353122412e-07,5.999995231628418
595,3569.9899575710297,7.080474934036943e-06,5.184098366748274e-07,5.9997217655181885
596,3575.989679336548,8.080474934036967e-06,5.396366387409345e-07,6.000272750854492
597,3581.9899520874023,4.080474934036951e-06,5.609307220242618e-07,6.000016450881958
598,3587.9899685382843,2.0804749340369566e-06,5.822890854950768e-07,6.000008821487427
599,3593.9899773597717,8.080474934036967e-06,6.037124691440321e-07,5.99999475479126
600,3599.989972114563,5.080474934036948e-06,6.252007087312723e-07,5.999989032745361
601,3605.9899611473083,2.0804749340369566e-06,6.46753692919334e-07,6.0000083446502686
602,3611.9899694919586,3.080474934036954e-06,6.683713709521836e-07,5.99998664855957
603,3617.989956140518,8.047493403696222e-08,6.900534541401987e-07,5.9999775886535645
604,3623.9899337291718,1.0804749340369594e-06,7.117998467497667e-07,6.0000317096710205
605,3629.989965438843,3.080474934036954e-06,7.336106375964238e-07,5.999740839004517
606,3635.9897062778473,-1.9195250659630593e-06,7.554844279051874e-07,6.000253438949585
607,3641.989959716797,3.080474934036954e-06,7.774240096032976e-07,5.999994516372681
608,3647.9899542331696,-9.19525065963035e-07,7.99426424811868e-07,5.999996662139893
609,3653.9899508953094,-6.919525065963045e-06,8.214924858892358e-07,6.00002646446228
610,3659.9899773597717,-7.919525065963042e-06,8.436221541523825e-07,5.998338937759399
611,3665.988316297531,-6.919525065963045e-06,8.658089284983167e-07,6.001669645309448
612,3671.9899859428406,-2.9195250659630565e-06,8.880712555555711e-07,6.000005006790161
613,3677.9899909496307,-5.919525065963048e-06,9.103904912173458e-07,5.999970197677612
614,3683.9899611473083,-8.91952506596304e-06,9.327725305218806e-07,5.99803900718689
615,3689.9880001544952,-4.919525065963051e-06,9.55210127541267e-07,6.001985311508179
616,3695.9899854660034,-9.919525065963037e-06,9.777251596226678e-07,5.999999046325684
617,3701.989984512329,-1.9195250659630593e-06,1.0002952619053974e-06,6.000016927719116
618,3707.990001440048,-4.919525065963051e-06,1.022927801672977e-06,6.000007390975952
619,3713.990008831024,-2.9195250659630565e-06,1.0456225347292886e-06,5.999972820281982
620,3719.989981651306,-5.919525065963048e-06,1.0683792247971527e-06,5.999984264373779
621,3725.98996591568,-5.919525065963048e-06,1.0911979051413818e-06,6.000011205673218
622,3731.989977121353,8.047493403696222e-08,1.1140784943920744e-06,6.000008821487427
623,3737.9899859428406,8.047493403696222e-08,1.137020740195484e-06,5.999917268753052
624,3743.9899032115936,-9.19525065963035e-07,1.1600241592505976e-06,6.000072479248047
625,3749.9899756908417,-9.19525065963035e-07,1.183089557712153e-06,6.020121335983276
626,3756.010097026825,3.080474934036954e-06,1.2062935790946346e-06,5.9798500537872314
627,3761.989947080612,8.047493403696222e-08,1.2294032747480201e-06,6.000047445297241
628,3767.9899945259094,3.080474934036954e-06,1.2526518842715141e-06,5.999980211257935
629,3773.9899747371674,7.080474934036943e-06,1.2759610532583033e-06,5.999849796295166
630,3779.9898245334625,7.080474934036943e-06,1.299330392357493e-06,6.000168561935425
631,3785.989993095398,6.0804749340369454e-06,1.3227615130727261e-06,5.999990940093994
632,3791.989984035492,9.080474934036964e-06,1.3462523382048556e-06,6.000001907348633
633,3797.9899859428406,7.080474934036943e-06,1.3698034626874185e-06,5.99997353553772
634,3803.9899594783783,7.080474934036943e-06,1.3934145909440604e-06,6.0000224113464355
635,3809.9899818897247,9.080474934036964e-06,1.4170858863655182e-06,5.999967336654663
636,3815.9899492263794,1.3080474934036953e-05,1.4408167978521982e-06,6.000028848648071
637,3821.9899780750275,1.0080474934036961e-05,1.4646076457179735e-06,6.000007390975952
638,3827.9899854660034,6.0804749340369454e-06,1.4884579606728984e-06,5.999945878982544
639,3833.989931344986,3.080474934036954e-06,1.5123674413636474e-06,6.000051975250244
640,3839.989983320236,8.047493403696222e-08,1.5363366154594294e-06,6.000023126602173
641,3845.9900064468384,-1.9195250659630593e-06,1.5603648041193882e-06,5.9999730587005615
642,3851.989979505539,-1.9195250659630593e-06,1.584451780298678e-06,6.000021934509277
643,3857.990001440048,3.080474934036954e-06,1.608597800287838e-06,5.998411417007446
644,3863.9884128570557,1.0804749340369594e-06,1.632796022347303e-06,6.001566171646118
645,3869.989979028702,2.0804749340369566e-06,1.657065551811186e-06,5.999990224838257
646,3875.98996925354,8.047493403696222e-08,1.6813871405526154e-06,6.000020503997803
647,3881.989989757538,8.047493403696222e-08,1.7057671360833536e-06,5.999935150146484
648,3887.9899249076843,-2.9195250659630565e-06,1.7302049268474025e-06,6.000062465667725
649,3893.989987373352,-2.9195250659630565e-06,1.754701238755226e-06,6.0
650,3899.989987373352,-1.9195250659630593e-06,1.7792551570291446e-06,6.000000953674316
651,3905.9899883270264,-1.9195250659630593e-06,1.8038667994088562e-06,5.999978065490723
652,3911.989966392517,-2.9195250659630565e-06,1.8285359268787107e-06,6.000009298324585
653,3917.9899756908417,-1.9195250659630593e-06,1.8532626211771857e-06,6.000032663345337
654,3923.990008354187,-2.9195250659630565e-06,1.8780467097605517e-06,5.999887943267822
655,3929.989896297455,-3.919525065963054e-06,1.9028873556901824e-06,6.000089406967163
656,3935.989985704422,-5.919525065963048e-06,1.9277858521376593e-06,5.999992370605469
657,3941.9899780750275,-5.919525065963048e-06,1.9527408210067455e-06,6.000019550323486
658,3947.989997625351,-5.919525065963048e-06,1.9777526370359692e-06,5.999971151351929
659,3953.989968776703,-2.9195250659630565e-06,2.002820843964068e-06,6.0000224113464355
660,3959.9899911880493,-7.919525065963042e-06,2.0279457173093735e-06,6.000024318695068
661,3965.9900155067444,-6.919525065963045e-06,2.053126910256392e-06,5.999873638153076
662,3971.9898891448975,-1.9195250659630593e-06,2.0783636394250646e-06,6.0000317096710205
663,3977.9899208545685,-6.919525065963045e-06,2.103657062693941e-06,6.00005316734314
664,3983.9899740219116,-3.919525065963054e-06,2.129006465771366e-06,5.999992609024048
665,3989.9899666309357,-4.919525065963051e-06,2.1544113607015175e-06,5.998342752456665
666,3995.9883093833923,-9.19525065963035e-07,2.1798648534834093e-06,6.001547813415527
667,4001.989857196808,2.0804749340369566e-06,2.2053874262588215e-06,6.000121831893921
668,4007.989979028702,3.080474934036954e-06,2.2309592684998964e-06,5.999993324279785
669,4013.9899723529816,2.0804749340369566e-06,2.2565857474751573e-06,6.000002861022949
670,4019.9899752140045,8.047493403696222e-08,2.2822673102392605e-06,5.999977111816406
671,4025.989952325821,-9.19525065963035e-07,2.3080036646349074e-06,5.998250722885132
672,4031.988203048706,4.080474934036951e-06,2.3337873510500228e-06,5.999966859817505
673,4037.9881699085236,8.047493403696222e-08,2.3596330262933825e-06,6.001822471618652
674,4043.989992380142,4.080474934036951e-06,2.385541198978333e-06,5.9999840259552
675,4049.9899764060974,6.0804749340369454e-06,2.4114957821989234e-06,5.999906539916992
676,4055.9898829460144,5.080474934036948e-06,2.437504226529113e-06,5.998276233673096
677,4061.9881591796875,7.080474934036943e-06,2.4635596368278173e-06,6.00178337097168
678,4067.989942550659,6.0804749340369454e-06,2.489684213625509e-06,6.00004768371582
679,4073.989990234375,4.080474934036951e-06,2.5158550188949102e-06,5.999992609024048
680,4079.989982843399,7.080474934036943e-06,2.542079218081384e-06,5.9999871253967285
681,4085.989969968796,7.080474934036943e-06,2.5683568862189804e-06,6.0000739097595215
682,4091.9900438785553,8.080474934036967e-06,2.594688287588707e-06,5.999857187271118
683,4097.989901065826,9.080474934036964e-06,2.6210719476163344e-06,6.000002384185791
684,4103.989903450012,1.2080474934036956e-05,2.6475093159479303e-06,6.000060796737671
685,4109.98996424675,7.080474934036943e-06,2.673999871989597e-06,5.999906539916992
686,4115.989870786667,8.080474934036967e-06,2.700542534628241e-06,6.000075101852417
687,4121.989945888519,4.080474934036951e-06,2.7271385912490387e-06,6.000017166137695
688,4127.989963054657,6.0804749340369454e-06,2.75378689842622e-06,6.000009775161743
689,4133.989972829819,5.080474934036948e-06,2.780487538886692e-06,5.999988079071045
690,4139.98996090889,8.080474934036967e-06,2.8072403076884605e-06,6.000028133392334
691,4145.989989042282,6.0804749340369454e-06,2.8340453395009418e-06,5.999951601028442
692,4151.989940643311,7.080474934036943e-06,2.860901972099388e-06,6.000028610229492
693,4157.98996925354,7.080474934036943e-06,2.8878107518610626e-06,6.000022888183594
694,4163.989992141724,5.080474934036948e-06,2.9147711677747727e-06,5.999975681304932
695,4169.989967823029,2.0804749340369566e-06,2.9417828918477498e-06,5.999994516372681
696,4175.989962339401,5.080474934036948e-06,2.968846080131909e-06,6.000049352645874
697,4181.990011692047,3.080474934036954e-06,2.995960755054244e-06,5.999958753585815
698,4187.989970445633,4.080474934036951e-06,3.02312611802208e-06,6.000009536743164
699,4193.989979982376,2.0804749340369566e-06,3.050342667745549e-06,6.000043869018555
700,4199.990023851395,6.0804749340369454e-06,3.077610189782411e-06,5.9999940395355225
701,4205.99001789093,2.0804749340369566e-06,3.104928160555282e-06,5.999957084655762
702,4211.989974975586,4.080474934036951e-06,3.132296496682208e-06,6.000010013580322
703,4217.989984989166,1.0804749340369594e-06,3.1597154674612034e-06,5.999992609024048
704,4223.98997759819,1.0804749340369594e-06,3.1871846110266823e-06,6.00001859664917
705,4229.9899961948395,1.0804749340369594e-06,3.2147039852414593e-06,5.999961853027344
706,4235.989958047867,3.080474934036954e-06,3.2422730693685253e-06,6.000008583068848
707,4241.989966630936,2.0804749340369566e-06,3.269892197829527e-06,5.999971866607666
708,4247.989938497543,-9.19525065963035e-07,3.297560845728952e-06,6.000074148178101
709,4253.990012645721,-5.919525065963048e-06,3.3252795139606424e-06,5.999974489212036
710,4259.9899871349335,-2.9195250659630565e-06,3.3530471287458224e-06,5.999899625778198
711,4265.989886760712,-9.19525065963035e-07,3.380863661783506e-06,6.000126361846924
712,4271.990013122559,-2.9195250659630565e-06,3.4087303723042395e-06,5.999911069869995
713,4277.989924192429,-3.919525065963054e-06,3.4366450666138287e-06,6.000015735626221
714,4283.989939928055,-4.919525065963051e-06,3.464609091064521e-06,6.00001072883606
715,4289.989950656891,-4.919525065963051e-06,3.492621794824675e-06,6.000023365020752
716,4295.989974021912,-1.9195250659630593e-06,3.520683119454736e-06,6.000024080276489
717,4301.989998102188,-2.9195250659630565e-06,3.5487928684604054e-06,5.999950408935547
718,4307.989948511124,-3.919525065963054e-06,3.576950551561118e-06,6.000009775161743
719,4313.989958286285,-2.9195250659630565e-06,3.6051566520258185e-06,6.000014543533325
720,4319.989972829819,-2.9195250659630565e-06,3.633410773058707e-06,5.999987840652466
721,4325.989960670471,3.080474934036954e-06,3.661712625296154e-06,6.000009059906006
722,4331.989969730377,1.0804749340369594e-06,3.6900622938180665e-06,5.999997854232788
723,4337.98996758461,8.047493403696222e-08,3.7184594846359566e-06,5.9999940395355225
724,4343.9899616241455,1.0804749340369594e-06,3.7469040916497083e-06,6.000003337860107
725,4349.989964962006,1.0804749340369594e-06,3.7753960361880052e-06,6.000027179718018
726,4355.989992141724,-4.919525065963051e-06,3.8039352468015035e-06,6.000011920928955
727,4361.990004062653,-3.919525065963054e-06,3.832521396705361e-06,5.99995231628418
728,4367.989956378937,-9.19525065963035e-07,3.861154132839993e-06,6.000001907348633
729,4373.989958286285,1.0804749340369594e-06,3.889833835286101e-06,5.999996662139893
730,4379.989954948425,3.080474934036954e-06,3.918560101545439e-06,6.000014781951904
731,4385.989969730377,4.080474934036951e-06,3.947332902730218e-06,6.000006675720215
732,4391.989976406097,4.080474934036951e-06,3.976151972288148e-06,6.000037431716919
733,4397.990013837814,2.0804749340369566e-06,4.005017356239396e-06,6.000007390975952
734,4403.99002122879,1.0804749340369594e-06,4.033928621203876e-06,5.999955892562866
735,4409.989977121353,5.080474934036948e-06,4.062885521948029e-06,6.000030517578125
736,4415.990007638931,8.080474934036967e-06,4.091888526529506e-06,5.9999518394470215
737,4421.989959478378,5.080474934036948e-06,4.120936752963381e-06,5.999964237213135
738,4427.989923715591,7.080474934036943e-06,4.150030500529808e-06,6.000056505203247
739,4433.989980220795,9.080474934036964e-06,4.179170016804477e-06,5.999990701675415
740,4439.98997092247,1.0080474934036961e-05,4.208354393503915e-06,6.000000715255737
741,4445.989971637726,9.080474934036964e-06,4.237583857875228e-06,5.999966382980347
742,4451.989938020706,1.2080474934036956e-05,4.266858052709664e-06,6.000027894973755
743,4457.98996591568,1.0080474934036961e-05,4.296177305039477e-06,6.000015735626221
744,4463.989981651306,1.2080474934036956e-05,4.325541114517302e-06,5.999986171722412
745,4469.989967823029,1.5080474934036947e-05,4.3549492545985064e-06,6.000016212463379
746,4475.989984035492,1.2080474934036956e-05,4.384401876529938e-06,6.000025510787964
747,4481.99000954628,1.1080474934036959e-05,4.413898738024632e-06,5.999985694885254
748,4487.989995241165,6.0804749340369454e-06,4.443439456391648e-06,5.999973297119141
749,4493.989968538284,1.1080474934036959e-05,4.473024025147206e-06,6.000015020370483
750,4499.989983558655,1.3080474934036953e-05,4.502652570570048e-06,5.999985694885254
751,4505.98996925354,1.1080474934036959e-05,4.5323246010499415e-06,6.000004053115845
752,4511.989973306656,1.2080474934036956e-05,4.562040211377713e-06,5.9998602867126465
753,4517.9898335933685,1.1080474934036959e-05,4.5917984563555685e-06,5.999943494796753
754,4523.989777088165,1.0080474934036961e-05,4.621600320183448e-06,6.00018572807312
755,4529.989962816238,1.0080474934036961e-05,4.651446455350688e-06,6.00006628036499
756,4535.990029096603,1.2080474934036956e-05,4.681334923196799e-06,5.999944448471069
757,4541.9899735450745,9.080474934036964e-06,4.7112655683534556e-06,0.0
